time step,collective radius,# of objects collected,agent positions,Unnamed: 4,Unnamed: 5,Unnamed: 6,Unnamed: 7,Unnamed: 8,Unnamed: 9,Unnamed: 10,Unnamed: 11,Unnamed: 12,Unnamed: 13,Unnamed: 14,Unnamed: 15,Unnamed: 16,Unnamed: 17,Unnamed: 18,Unnamed: 19,Unnamed: 20,obstacle positions,Unnamed: 22,Unnamed: 23,Unnamed: 24,Unnamed: 25,Unnamed: 26,Unnamed: 27,Unnamed: 28,Unnamed: 29,Unnamed: 30,Unnamed: 31,Unnamed: 32,Unnamed: 33,Unnamed: 34,Unnamed: 35,Unnamed: 36,Unnamed: 37,Unnamed: 38,Unnamed: 39,Unnamed: 40
0.0,54637.41681181635,0.0,-2.0,-4.0,-2.0,-2.5,-2.0,-1.0,-2.0,0.5,-2.0,2.0,-2.0,3.5,-2.0,5.0,-2.0,6.5,-2.0,8.0,1.378900013763354,0.1435272291216259,1.6269206733742467,0.09586330011656818,1.6451383375317008,-0.11152207088609134,1.1978189435839244,-0.1725983090207036,1.7894089398770343,0.4280226195953182,1.482353516025307,-0.020141191167765204,0.9294293948251993,-0.6740373186277526,1.2807835146428939,-0.28795751930177477,1.7414389278953077,0.30584239209597797,1.4811321358997536,-0.2783357288060107
20.0,40037.636508819014,0.0,-1.998831914378621,-4.067477475626008,-1.9796129923249193,-2.5108227646814565,-1.9830007159169605,-0.9992736333748514,-1.9588755372873297,0.5001376946214725,-1.9786306638693805,2.000783590839127,-1.9145974899042177,3.4997351988634215,-1.9803801777445655,4.987419633885096,-1.8759703650839978,6.493194735578783,-2.0007398032784964,8.023835734412721,1.378900013763354,0.1435272291216259,1.6269206733742467,0.09586330011656818,1.6451383375317008,-0.11152207088609134,1.1978189435839244,-0.1725983090207036,1.7894089398770343,0.4280226195953182,1.482353516025307,-0.020141191167765204,0.9294293948251993,-0.6740373186277526,1.2807835146428939,-0.28795751930177477,1.7414389278953077,0.30584239209597797,1.4811321358997536,-0.2783357288060107
40.0,28757.750499949216,0.4,-1.989449355977365,-4.197310260396632,-1.887807135037993,-2.5231315661743223,-1.8987099608363138,-1.0121521380848806,-1.9154158224001052,0.48160481905149705,-2.0167980062778983,1.9533816028505444,-1.8225857552852773,3.462373572028602,-2.04061914506203,4.970139430660149,-1.7712791186442278,6.505650729626486,-2.007377925037273,8.16483705677627,1.378900013763354,0.1435272291216259,1.6269206733742467,0.09586330011656818,1.6451383375317008,-0.11152207088609134,1.1978189435839244,-0.1725983090207036,1.7894089398770343,0.4280226195953182,1.482353516025307,-0.020141191167765204,0.9294293948251993,-0.6740373186277526,1.2807835146428939,-0.28795751930177477,1.7414389278953077,0.30584239209597797,1.4811321358997536,-0.2783357288060107
60.0,24899.31306382456,0.6,-1.9905062759985408,-4.273645288235487,-1.8653048388892142,-2.5823301362159343,-1.909186089436212,-1.0287188134369878,-1.9211716833091184,0.47636386932490254,-2.012800990921611,1.9507426736520177,-1.7927255386335692,3.481873871296196,-2.073703670543391,4.990136799119233,-1.720328379151443,6.552402018812208,-2.019330666001131,8.260528152750911,1.378900013763354,0.1435272291216259,1.6269206733742467,0.09586330011656818,1.6451383375317008,-0.11152207088609134,1.1978189435839244,-0.1725983090207036,1.7894089398770343,0.4280226195953182,1.482353516025307,-0.020141191167765204,0.9294293948251993,-0.6740373186277526,1.2807835146428939,-0.28795751930177477,1.7414389278953077,0.30584239209597797,1.4811321358997536,-0.2783357288060107
80.0,21618.16330174167,0.5,-1.999786977893039,-4.42191511804488,-1.8216302086387812,-2.693504625276915,-1.905611394511689,-0.9836990022782637,-1.9300656731267694,0.508018570200129,-2.0306794083348416,1.9887515096590966,-1.7048711453407037,3.5066821226500373,-2.0935348711027455,5.052229948334295,-1.6497138531915259,6.673455186656016,-2.033841541702582,8.385813886847755,1.378900013763354,0.1435272291216259,1.6269206733742467,0.09586330011656818,1.6451383375317008,-0.11152207088609134,1.1978189435839244,-0.1725983090207036,1.7894089398770343,0.4280226195953182,1.482353516025307,-0.020141191167765204,0.9294293948251993,-0.6740373186277526,1.2807835146428939,-0.28795751930177477,1.7414389278953077,0.30584239209597797,1.4811321358997536,-0.2783357288060107
100.0,12222.535303335788,0.6,-2.000288698819109,-4.494980752155425,-1.7965324118087747,-2.7505629583487896,-1.9321388812349802,-1.003233875524196,-1.913636585805882,0.529454826978896,-2.021046549180667,2.002815659399418,-1.645985380572106,3.5398319762029984,-2.1580632743689554,5.135678188568786,-1.6427106655644708,6.680228015067691,-2.054239017526217,8.463043231849072,1.378900013763354,0.1435272291216259,1.6269206733742467,0.09586330011656818,1.6451383375317008,-0.11152207088609134,1.1978189435839244,-0.1725983090207036,1.7894089398770343,0.4280226195953182,1.482353516025307,-0.020141191167765204,0.9294293948251993,-0.6740373186277526,1.2807835146428939,-0.28795751930177477,1.7414389278953077,0.30584239209597797,1.4811321358997536,-0.2783357288060107
120.0,9712.91513112465,0.8,-2.003729894656914,-4.589785145291678,-1.7466629499568924,-2.720228976213569,-1.9058805783774386,-1.0294160557113041,-1.883834811995051,0.5460560649692813,-2.003455304846117,2.0045076391579384,-1.5602951342111875,3.617245300723485,-2.153403463843884,5.165595696658729,-1.5264666046904842,6.775918858037061,-2.0823027749229497,8.593541142405659,1.378900013763354,0.1435272291216259,1.6269206733742467,0.09586330011656818,1.6451383375317008,-0.11152207088609134,1.1978189435839244,-0.1725983090207036,1.7894089398770343,0.4280226195953182,1.482353516025307,-0.020141191167765204,0.9294293948251993,-0.6740373186277526,1.2807835146428939,-0.28795751930177477,1.7414389278953077,0.30584239209597797,1.4811321358997536,-0.2783357288060107
140.0,10455.17027129086,0.9,-2.004905101977852,-4.652320725625617,-1.7293369821827926,-2.6868025259096244,-1.9214093699798656,-1.0328343143010195,-1.8844413981123882,0.5527001043583954,-2.071489377116664,2.0505518829327944,-1.5314292746499851,3.6056903200034847,-2.2804194893258023,5.2148863129258505,-1.5090480976717975,6.798344054331855,-2.0905762294681134,8.627804857050714,1.378900013763354,0.1435272291216259,1.6269206733742467,0.09586330011656818,1.6451383375317008,-0.11152207088609134,1.1978189435839244,-0.1725983090207036,1.7894089398770343,0.4280226195953182,1.482353516025307,-0.020141191167765204,0.9294293948251993,-0.6740373186277526,1.2807835146428939,-0.28795751930177477,1.7414389278953077,0.30584239209597797,1.4811321358997536,-0.2783357288060107
160.0,9401.218361293668,0.8,-1.9992838776313016,-4.732419237403727,-1.7218292060267395,-2.750638533319017,-1.935901421222772,-1.005898865083449,-1.9197435690586377,0.5744738707089571,-2.057808505846306,2.0753539577813442,-1.442401261233282,3.595210617996858,-2.270736634969599,5.220632757880243,-1.430496005107864,6.879685185036817,-2.1106935998060017,8.725333241686418,1.378900013763354,0.1435272291216259,1.6269206733742467,0.09586330011656818,1.6451383375317008,-0.11152207088609134,1.1978189435839244,-0.1725983090207036,1.7894089398770343,0.4280226195953182,1.482353516025307,-0.020141191167765204,0.9294293948251993,-0.6740373186277526,1.2807835146428939,-0.28795751930177477,1.7414389278953077,0.30584239209597797,1.4811321358997536,-0.2783357288060107
180.0,11137.2529031887,1.1,-1.9924130848083774,-4.795609291746631,-1.7027365740073557,-2.837414250931026,-1.9207960243842153,-0.9709758917865235,-1.9342079931887082,0.5664566596133616,-2.052812016264993,2.062194825256207,-1.3856768991368889,3.6398235268050656,-2.196145512308955,5.265618294938431,-1.387713393005777,6.903556651147513,-2.1178539014124995,8.769700966114092,1.378900013763354,0.1435272291216259,1.6269206733742467,0.09586330011656818,1.6451383375317008,-0.11152207088609134,1.1978189435839244,-0.1725983090207036,1.7894089398770343,0.4280226195953182,1.482353516025307,-0.020141191167765204,0.9294293948251993,-0.6740373186277526,1.2807835146428939,-0.28795751930177477,1.7414389278953077,0.30584239209597797,1.4811321358997536,-0.2783357288060107
200.0,10823.789657334357,1.6,-1.9726396229379166,-4.872906081583517,-1.6589988307990726,-2.884909817940168,-1.9119624317241417,-0.9910407436804283,-1.932281132071187,0.6383094738582163,-2.016778072270649,2.030344402310971,-1.33721391995998,3.6483435644160735,-2.234120352599121,5.300829152024607,-1.3407148371612745,6.966442811881471,-2.0978449920542257,8.830759899306472,1.378900013763354,0.1435272291216259,1.6269206733742467,0.09586330011656818,1.6451383375317008,-0.11152207088609134,1.1978189435839244,-0.1725983090207036,1.7894089398770343,0.4280226195953182,1.482353516025307,-0.020141191167765204,0.9294293948251993,-0.6740373186277526,1.2807835146428939,-0.28795751930177477,1.7414389278953077,0.30584239209597797,1.4811321358997536,-0.2783357288060107
220.0,10203.080214735537,1.7,-1.9457419563591158,-4.859720117431567,-1.6001481205498265,-2.936603479014591,-1.8840855864164638,-1.032097640223699,-1.902813420042137,0.6385040283141521,-1.9139283437467305,2.1033722187270643,-1.3015965214208236,3.625952247838989,-2.14475334561041,5.30145272517481,-1.3122975058854425,6.9451558979477515,-2.0831343096982726,8.899305720400944,1.378900013763354,0.1435272291216259,1.6269206733742467,0.09586330011656818,1.6451383375317008,-0.11152207088609134,1.1978189435839244,-0.1725983090207036,1.7894089398770343,0.4280226195953182,1.482353516025307,-0.020141191167765204,0.9294293948251993,-0.6740373186277526,1.2807835146428939,-0.28795751930177477,1.7414389278953077,0.30584239209597797,1.4811321358997536,-0.2783357288060107
240.0,10077.41015706715,1.9,-1.853788747632334,-4.862036252151269,-1.5821436786031668,-2.9054670943115086,-1.8327606349216297,-1.117035568257228,-1.8735375122354916,0.5958941680643286,-1.9589171092458777,2.129863096279792,-1.2488947808342123,3.627685389732838,-2.1300717474483237,5.3297344386525305,-1.2718313368009626,6.967115591041859,-2.055200028505558,8.842734259451287,1.378900013763354,0.1435272291216259,1.6269206733742467,0.09586330011656818,1.6451383375317008,-0.11152207088609134,1.1978189435839244,-0.1725983090207036,1.7894089398770343,0.4280226195953182,1.482353516025307,-0.020141191167765204,0.9294293948251993,-0.6740373186277526,1.2807835146428939,-0.28795751930177477,1.7414389278953077,0.30584239209597797,1.4811321358997536,-0.2783357288060107
260.0,11181.15385216669,2.2,-1.824036595369267,-4.861920440250683,-1.5506857524430329,-2.9598228566461025,-1.8763989844138602,-1.1580950736366975,-1.8237888038735588,0.6103025414273849,-1.8514266839109523,2.1307076520752113,-1.2261352072275167,3.63746615471175,-2.1045006596503457,5.2942597578347845,-1.2131559909019545,7.025589645912485,-2.0129271563549156,8.897223992915862,1.378900013763354,0.1435272291216259,1.6269206733742467,0.09586330011656818,1.6451383375317008,-0.11152207088609134,1.1978189435839244,-0.1725983090207036,1.7894089398770343,0.4280226195953182,1.482353516025307,-0.020141191167765204,0.9294293948251993,-0.6740373186277526,1.2807835146428939,-0.28795751930177477,1.7414389278953077,0.30584239209597797,1.4811321358997536,-0.2783357288060107
280.0,10474.02861876534,2.3,-1.774475589221921,-4.852507836229717,-1.5132814629800797,-3.0045554301184607,-1.7539939232259605,-1.1722031101541455,-1.8475688244809962,0.5735587290117868,-1.851736831659674,2.1139244652868983,-1.1695363028887866,3.6413122306091936,-2.0347722968460014,5.327774703376093,-1.1897843464762743,7.0140999253965415,-1.9908197541812285,8.905596781437843,1.378900013763354,0.1435272291216259,1.6269206733742467,0.09586330011656818,1.6451383375317008,-0.11152207088609134,1.1978189435839244,-0.1725983090207036,1.7894089398770343,0.4280226195953182,1.482353516025307,-0.020141191167765204,0.9294293948251993,-0.6740373186277526,1.2807835146428939,-0.28795751930177477,1.7414389278953077,0.30584239209597797,1.4811321358997536,-0.2783357288060107
300.0,10295.8015668276,2.9,-1.7515530634384007,-4.926706990109247,-1.4511823923380323,-2.98041347333137,-1.7906785386525403,-1.2041464299998865,-1.7694253921737648,0.5842884692286361,-1.7455841300079347,2.1280851538693413,-1.1303161433130753,3.653995724820831,-2.0145100502483966,5.36312597397004,-1.176532644144454,7.0550221024738065,-1.9263655104463684,8.95750169083316,1.378900013763354,0.1435272291216259,1.6269206733742467,0.09586330011656818,1.6451383375317008,-0.11152207088609134,1.1978189435839244,-0.1725983090207036,1.7894089398770343,0.4280226195953182,1.482353516025307,-0.020141191167765204,0.9294293948251993,-0.6740373186277526,1.2807835146428939,-0.28795751930177477,1.7414389278953077,0.30584239209597797,1.4811321358997536,-0.2783357288060107
320.0,10248.246884175223,3.0,-1.6956137925966588,-4.858524168447371,-1.4142876857926143,-2.971056369782346,-1.7823425825307244,-1.1743456138289907,-1.718560675428637,0.5777307078945138,-1.748970195535761,2.104528600714785,-1.084259775582258,3.6425047309374925,-1.938937612621133,5.429359070505102,-1.1045710074970105,7.065524404051581,-1.9250656997679652,8.93318610408284,1.378900013763354,0.1435272291216259,1.6269206733742467,0.09586330011656818,1.6451383375317008,-0.11152207088609134,1.1978189435839244,-0.1725983090207036,1.7894089398770343,0.4280226195953182,1.482353516025307,-0.020141191167765204,0.9294293948251993,-0.6740373186277526,1.2807835146428939,-0.28795751930177477,1.7414389278953077,0.30584239209597797,1.4811321358997536,-0.2783357288060107
340.0,9380.81377204708,3.0,-1.6429170411233642,-4.875958161311609,-1.3578668651936068,-2.9594992247681255,-1.7410632392447731,-1.1605991254749548,-1.7127937778127265,0.5397279010403282,-1.6693765799460434,2.108496131976186,-1.0445423573942625,3.6794114324578033,-1.885464697754618,5.41631925811363,-1.055895120648835,7.100641678957132,-1.8779675241394382,8.95351825668083,1.378900013763354,0.1435272291216259,1.6269206733742467,0.09586330011656818,1.6451383375317008,-0.11152207088609134,1.1978189435839244,-0.1725983090207036,1.7894089398770343,0.4280226195953182,1.482353516025307,-0.020141191167765204,0.9294293948251993,-0.6740373186277526,1.2807835146428939,-0.28795751930177477,1.7414389278953077,0.30584239209597797,1.4811321358997536,-0.2783357288060107
360.0,8642.137802288069,3.1,-1.565699075237251,-4.853594460459325,-1.310603780460136,-2.964559148007374,-1.7067900619786016,-1.167617092823938,-1.603477131437885,0.5159091825800723,-1.6309768959839652,2.1064838329200746,-1.0286199195285801,3.700073467919985,-1.856637120110467,5.445775883158073,-1.0259906080582522,7.13009092151071,-1.887122443371177,8.98246502734946,1.378900013763354,0.1435272291216259,1.6269206733742467,0.09586330011656818,1.6451383375317008,-0.11152207088609134,1.1978189435839244,-0.1725983090207036,1.7894089398770343,0.4280226195953182,1.482353516025307,-0.020141191167765204,0.9294293948251993,-0.6740373186277526,1.2807835146428939,-0.28795751930177477,1.7414389278953077,0.30584239209597797,1.4811321358997536,-0.2783357288060107
380.0,7530.6719173154,3.2,-1.5205357069813943,-4.908452294803461,-1.243523002061916,-3.0198489061468017,-1.681625193780199,-1.1790730549112625,-1.6076394779979624,0.5762667279881055,-1.5727781497947824,2.1219189776239653,-0.9804088193056479,3.727855965468464,-1.9382206301561837,5.4624705190632366,-1.0269255810127635,7.124762609872268,-1.8348080783976528,8.970461943091921,1.378900013763354,0.1435272291216259,1.6269206733742467,0.09586330011656818,1.6451383375317008,-0.11152207088609134,1.1978189435839244,-0.1725983090207036,1.7894089398770343,0.4280226195953182,1.482353516025307,-0.020141191167765204,0.9294293948251993,-0.6740373186277526,1.2807835146428939,-0.28795751930177477,1.7414389278953077,0.30584239209597797,1.4811321358997536,-0.2783357288060107
400.0,10181.267832888669,3.6,-1.5068047896998849,-4.946181361959509,-1.162550952131434,-3.001987817986886,-1.5635194426775887,-1.1623590013940304,-1.4698723967742287,0.6098119834456297,-1.512087864285655,2.170075049905912,-0.9404964239880721,3.7520372333291383,-1.8231212990047692,5.411125105301006,-1.0370322073907832,7.135541536084221,-1.8456664809885226,9.056966299830913,1.378900013763354,0.1435272291216259,1.6269206733742467,0.09586330011656818,1.6451383375317008,-0.11152207088609134,1.1978189435839244,-0.1725983090207036,1.7894089398770343,0.4280226195953182,1.482353516025307,-0.020141191167765204,0.9294293948251993,-0.6740373186277526,1.2807835146428939,-0.28795751930177477,1.7414389278953077,0.30584239209597797,1.4811321358997536,-0.2783357288060107
420.0,10668.259912936697,3.7,-1.421724222092423,-4.864825288003068,-1.1398145999194913,-2.964717458878199,-1.5252941180031994,-1.1345520748842073,-1.4581904974385747,0.6163444392351565,-1.525779550589595,2.1593870033042974,-0.9122428092159056,3.7591155802336957,-1.8395739958922648,5.402293783079541,-0.9851460350970228,7.166941210538186,-1.759284575867774,9.01747649757972,1.378900013763354,0.1435272291216259,1.6269206733742467,0.09586330011656818,1.6451383375317008,-0.11152207088609134,1.1978189435839244,-0.1725983090207036,1.7894089398770343,0.4280226195953182,1.482353516025307,-0.020141191167765204,0.9294293948251993,-0.6740373186277526,1.2807835146428939,-0.28795751930177477,1.7414389278953077,0.30584239209597797,1.4811321358997536,-0.2783357288060107
440.0,13699.785521710757,3.6,-1.3747252882830525,-4.898035946367832,-1.126310481817079,-2.966094756121554,-1.5572790110076369,-1.1515824386111642,-1.4582791214183328,0.5944017303378009,-1.4761275101300613,2.1621359815100636,-0.87025421812766,3.7629438365426666,-1.7998935059256325,5.4140178121746505,-0.9513148179809908,7.194888606192396,-1.6984140927146858,9.047676539070183,1.378900013763354,0.1435272291216259,1.6269206733742467,0.09586330011656818,1.6451383375317008,-0.11152207088609134,1.1978189435839244,-0.1725983090207036,1.7894089398770343,0.4280226195953182,1.482353516025307,-0.020141191167765204,0.9294293948251993,-0.6740373186277526,1.2807835146428939,-0.28795751930177477,1.7414389278953077,0.30584239209597797,1.4811321358997536,-0.2783357288060107
460.0,15393.914240437147,3.6,-1.329694143045343,-4.910372361207256,-1.044025657707623,-3.0382782532700086,-1.4813572526721122,-1.1432964845570053,-1.4464512140731545,0.5644661035488031,-1.4647023675821687,2.1213512986700445,-0.8257041091394545,3.763517080228266,-1.6761753861593376,5.454903092833728,-0.9047643488363308,7.196264680317505,-1.6779982302834262,9.071834523567295,1.378900013763354,0.1435272291216259,1.6269206733742467,0.09586330011656818,1.6451383375317008,-0.11152207088609134,1.1978189435839244,-0.1725983090207036,1.7894089398770343,0.4280226195953182,1.482353516025307,-0.020141191167765204,0.9294293948251993,-0.6740373186277526,1.2807835146428939,-0.28795751930177477,1.7414389278953077,0.30584239209597797,1.4811321358997536,-0.2783357288060107
480.0,21085.497118746618,3.4,-1.3004005176149498,-4.943631586528506,-1.0681346183653118,-3.061961993925814,-1.5023865610526592,-1.161032966494059,-1.4159838097596702,0.5931534669981537,-1.3749658987153137,2.17191703496992,-0.7574172437591193,3.7549593196947257,-1.69132484957955,5.492905423620538,-0.8276760889615682,7.247213016370904,-1.614801113731399,9.105276577169196,1.378900013763354,0.1435272291216259,1.6269206733742467,0.09586330011656818,1.6451383375317008,-0.11152207088609134,1.1978189435839244,-0.1725983090207036,1.7894089398770343,0.4280226195953182,1.482353516025307,-0.020141191167765204,0.9294293948251993,-0.6740373186277526,1.2807835146428939,-0.28795751930177477,1.7414389278953077,0.30584239209597797,1.4811321358997536,-0.2783357288060107
500.0,26231.250714639114,3.9,-1.2759741164699108,-5.012624575841796,-0.9899688323941425,-3.0723422914118337,-1.46864625420744,-1.228486017342364,-1.3423053149354442,0.6044731939791571,-1.3081368899787469,2.1241991251497696,-0.7134185550769436,3.772497120155022,-1.5629355962593665,5.545644564874751,-0.8286092213635599,7.270397373554658,-1.5809293448693142,9.115880939128662,1.378900013763354,0.1435272291216259,1.6269206733742467,0.09586330011656818,1.6451383375317008,-0.11152207088609134,1.1978189435839244,-0.1725983090207036,1.7894089398770343,0.4280226195953182,1.482353516025307,-0.020141191167765204,0.9294293948251993,-0.6740373186277526,1.2807835146428939,-0.28795751930177477,1.7414389278953077,0.30584239209597797,1.4811321358997536,-0.2783357288060107
520.0,29726.555131539015,4.2,-1.2434052948185634,-4.90354281004957,-0.9295330227178148,-3.0001329184543537,-1.4455131705055375,-1.2275168909572525,-1.3475337639439506,0.5550645418104747,-1.3424095420178361,2.1002051052831474,-0.7393787360152251,3.8074307854432936,-1.5580695459075495,5.545648632320773,-0.7513185686687118,7.314614415670869,-1.5372913351191193,9.127663598137152,1.378900013763354,0.1435272291216259,1.6269206733742467,0.09586330011656818,1.6451383375317008,-0.11152207088609134,1.1978189435839244,-0.1725983090207036,1.7894089398770343,0.4280226195953182,1.482353516025307,-0.020141191167765204,0.9294293948251993,-0.6740373186277526,1.2807835146428939,-0.28795751930177477,1.7414389278953077,0.30584239209597797,1.4811321358997536,-0.2783357288060107
540.0,29166.630981064704,4.1,-1.1788383139213892,-4.897017033583049,-0.8610840931195508,-2.9876092370496017,-1.3407721935306471,-1.2175292548981083,-1.3130772208129093,0.509365679691558,-1.2814051654644891,2.123905883603885,-0.6880095756258672,3.8008980195046953,-1.5172270386308822,5.5697270388834985,-0.6805260802871447,7.291634372087984,-1.5017197829556108,9.107965414413071,1.378900013763354,0.1435272291216259,1.6269206733742467,0.09586330011656818,1.6451383375317008,-0.11152207088609134,1.1978189435839244,-0.1725983090207036,1.7894089398770343,0.4280226195953182,1.482353516025307,-0.020141191167765204,0.9294293948251993,-0.6740373186277526,1.2807835146428939,-0.28795751930177477,1.7414389278953077,0.30584239209597797,1.4811321358997536,-0.2783357288060107
560.0,30003.940458085774,4.1,-1.145040749545238,-4.969316809647104,-0.8360632977668846,-3.0359875054906507,-1.2745570993690474,-1.2323861765108568,-1.2434591628803542,0.5429036792779222,-1.1814488534222523,2.162554527104426,-0.6104877738995576,3.8049568642587253,-1.5254166164199665,5.582322626107986,-0.7266476188233979,7.294100820548804,-1.4774852606137265,9.15415536529962,1.378900013763354,0.1435272291216259,1.6269206733742467,0.09586330011656818,1.6451383375317008,-0.11152207088609134,1.1978189435839244,-0.1725983090207036,1.7894089398770343,0.4280226195953182,1.482353516025307,-0.020141191167765204,0.9294293948251993,-0.6740373186277526,1.2807835146428939,-0.28795751930177477,1.7414389278953077,0.30584239209597797,1.4811321358997536,-0.2783357288060107
580.0,28066.808176934883,4.4,-1.1224625862844437,-4.973240919574802,-0.8052689652599673,-3.1019782822039987,-1.2319896011288882,-1.1920476027392075,-1.131113743345051,0.5790961814280606,-1.1479907976587977,2.1092246029856567,-0.5712506161223329,3.8358246181590774,-1.3629049838758853,5.527616874911016,-0.6427783382756972,7.3095257296561815,-1.4243709907497741,9.168757307523935,1.378900013763354,0.1435272291216259,1.6269206733742467,0.09586330011656818,1.6451383375317008,-0.11152207088609134,1.1978189435839244,-0.1725983090207036,1.7894089398770343,0.4280226195953182,1.482353516025307,-0.020141191167765204,0.9294293948251993,-0.6740373186277526,1.2807835146428939,-0.28795751930177477,1.7414389278953077,0.30584239209597797,1.4811321358997536,-0.2783357288060107
600.0,24462.41947300173,4.5,-1.0546839220380468,-4.957738602901843,-0.7736460613518881,-3.1171790640972605,-1.1831035983755351,-1.2169589089098924,-1.093746368735478,0.5924663177717665,-1.1528759577280874,2.0709111457441285,-0.5736014953311385,3.820072364706661,-1.4101403934463053,5.5249738686497825,-0.6248847729565752,7.342190566809434,-1.36822816286861,9.140941470879376,1.378900013763354,0.1435272291216259,1.6269206733742467,0.09586330011656818,1.6451383375317008,-0.11152207088609134,1.1978189435839244,-0.1725983090207036,1.7894089398770343,0.4280226195953182,1.482353516025307,-0.020141191167765204,0.9294293948251993,-0.6740373186277526,1.2807835146428939,-0.28795751930177477,1.7414389278953077,0.30584239209597797,1.4811321358997536,-0.2783357288060107
620.0,23324.354358063334,4.5,-0.9840618761721451,-4.911501726296018,-0.7652779484670844,-3.009830426126691,-1.2432351929019982,-1.2799761025928698,-1.1304081017593712,0.5484841914487053,-1.0914437205997956,2.114860028672305,-0.525678324806025,3.811230010697521,-1.3864850193980627,5.54013108353846,-0.6164923989071986,7.314920663852798,-1.3373819605910506,9.230496903514636,1.378900013763354,0.1435272291216259,1.6269206733742467,0.09586330011656818,1.6451383375317008,-0.11152207088609134,1.1978189435839244,-0.1725983090207036,1.7894089398770343,0.4280226195953182,1.482353516025307,-0.020141191167765204,0.9294293948251993,-0.6740373186277526,1.2807835146428939,-0.28795751930177477,1.7414389278953077,0.30584239209597797,1.4811321358997536,-0.2783357288060107
640.0,26861.44036248949,4.5,-0.9727395305315246,-4.918181286050091,-0.7010871030789552,-3.008021336098113,-1.0831628492437972,-1.2533264490038323,-1.0849529629210894,0.5294982062518528,-1.1161921958744498,2.1422089388667804,-0.4600690086618459,3.825150789844359,-1.339869579188224,5.534161391685395,-0.567698789008106,7.296138267230252,-1.3247249005325767,9.1686189210707,1.378900013763354,0.1435272291216259,1.6269206733742467,0.09586330011656818,1.6451383375317008,-0.11152207088609134,1.1978189435839244,-0.1725983090207036,1.7894089398770343,0.4280226195953182,1.482353516025307,-0.020141191167765204,0.9294293948251993,-0.6740373186277526,1.2807835146428939,-0.28795751930177477,1.7414389278953077,0.30584239209597797,1.495892006350272,-0.27448752910849283
660.0,27535.763030407288,4.6,-0.9445458535022524,-4.917858081594669,-0.665084502502174,-3.072836351277002,-1.095564691264384,-1.2363779404883548,-1.0256405891529718,0.5708877522811918,-0.9228827749040004,2.1575320386704893,-0.3331241001064028,3.8424195678960054,-1.3049033377980637,5.5664326096162,-0.5603668925485799,7.337845640234079,-1.2400885269643838,9.160533698701741,1.378900013763354,0.1435272291216259,1.6269206733742467,0.09586330011656818,1.6451383375317008,-0.11152207088609134,1.1978189435839244,-0.1725983090207036,1.7894089398770343,0.4280226195953182,1.482353516025307,-0.020141191167765204,0.9294293948251993,-0.6740373186277526,1.2807835146428939,-0.28795751930177477,1.7425590795773194,0.3057431336515507,1.49593041722061,-0.27447603967351064
680.0,30555.40345477499,4.8,-0.9063595492576418,-5.000609507374868,-0.6478988067179446,-3.104143783868629,-1.0800218101089167,-1.222889181020146,-0.9914486257472002,0.5793150179201298,-0.9421982192393085,2.130664465864121,-0.3243049791574654,3.8515380823988514,-1.2177510048801428,5.607403562849668,-0.5083143431819523,7.345506339016661,-1.2310782011200119,9.179829506436803,1.378900013763354,0.1435272291216259,1.6269206733742467,0.09586330011656818,1.6491103735930868,-0.11077123397148533,1.1978189435839244,-0.1725983090207036,1.7894089398770343,0.4280226195953182,1.482353516025307,-0.020141191167765204,0.9294293948251993,-0.6740373186277526,1.2807835146428939,-0.28795751930177477,1.7425630632330082,0.3057403698915536,1.4959694294767005,-0.27447616623706195
700.0,34396.25380592806,4.8,-0.8520461001516914,-4.931390554843281,-0.6315805538164642,-3.082534361141987,-1.0928155327101359,-1.2017359136163654,-1.018836561283707,0.5544775460206749,-0.9883324856797163,2.096512699121567,-0.3756390779817116,3.867013133785266,-1.2130243423849922,5.60439883543092,-0.4381748024210352,7.406825474181614,-1.255147096255031,9.246459798884219,1.378900013763354,0.1435272291216259,1.6269206733742467,0.09586330011656818,1.6491103735930868,-0.11077123397148533,1.1978189435839244,-0.1725983090207036,1.7894089398770343,0.4280226195953182,1.4831653244832907,-0.021596095346690693,0.9294293948251993,-0.6740373186277526,1.2807835146428939,-0.28795751930177477,1.7511291923047287,0.2812133750756757,1.4959694294767005,-0.27447616623706195
720.0,36172.26796878678,4.9,-0.7442596500939923,-4.899593506708821,-0.6265426340615535,-3.0744405671915374,-1.0551708807128928,-1.2143059249484984,-0.9145212972356138,0.5388550192892858,-0.9183457410865328,2.054759891933382,-0.30511300422716275,3.8534451275481936,-1.2097321488895347,5.591946215159011,-0.47662364753542164,7.424639054699609,-1.2473834950649707,9.247311026876334,1.377439288230715,0.15775783627317275,1.6269206733742467,0.09586330011656818,1.6491103735930868,-0.11077123397148533,1.1978189435839244,-0.1725983090207036,1.7894089398770343,0.4280226195953182,1.4974576408867537,-0.021615215352460047,0.9294293948251993,-0.6740373186277526,1.2807835146428939,-0.28795751930177477,1.7511920556535485,0.2811656581699541,1.502830980984999,-0.2562632937057633
740.0,37537.65185774015,4.8,-0.7118397430426422,-4.896317071468238,-0.5353176053868973,-3.0587804410921686,-1.0319045391046275,-1.2690484334889818,-0.8737183990301215,0.5232765000991135,-0.8873811845088252,2.0905917308841118,-0.30398715631829804,3.7871249808496414,-1.1544228573227144,5.627228996840481,-0.4123216631101516,7.442907997323802,-1.220483237586516,9.296376095969336,1.3774408521199228,0.15822360099926794,1.6269206733742467,0.09586330011656818,1.6625955220700415,-0.11072275877295298,1.1978189435839244,-0.1725983090207036,1.7894089398770343,0.4280226195953182,1.4974576408867537,-0.021615215352460047,0.9294293948251993,-0.6740373186277526,1.2807835146428939,-0.28795751930177477,1.7511920556535485,0.2811656581699541,1.5029473837721778,-0.2561325888210976
760.0,37999.21373826325,4.9,-0.675539518320459,-4.959712239038099,-0.5085137883088161,-3.053371598441651,-0.9766125046938328,-1.289213040376531,-0.8531448974267064,0.5310928646892681,-0.7475856530652347,2.1151066930361084,-0.19969471298758218,3.816307197279825,-1.1061182437857788,5.571738185671293,-0.3930704015701988,7.464847203113143,-1.1960946744987813,9.283133867601062,1.3774599046935652,0.15823682480634774,1.6269206733742467,0.09586330011656818,1.6625955220700415,-0.11072275877295298,1.1978189435839244,-0.1725983090207036,1.7894089398770343,0.4280226195953182,1.4974576408867537,-0.021615215352460047,0.9294293948251993,-0.6740373186277526,1.2807835146428939,-0.28795751930177477,1.7511920556535485,0.2811656581699541,1.5029699032902768,-0.25610932612767956
780.0,37118.1412731965,5.2,-0.5951798435418936,-4.899985209028017,-0.4479091210850436,-3.0580047918715896,-0.9441816487205639,-1.2803564784470312,-0.8028105050054165,0.45480345495057534,-0.7509173142378447,2.1244203005388256,-0.17338017731280242,3.872154694510565,-1.0677084478581085,5.5254235574277395,-0.3669961908566334,7.450026864431313,-1.1406306792152212,9.271555412054456,1.3848705123349199,0.15978438990222227,1.6269206733742467,0.09586330011656818,1.6625955220700415,-0.11072275877295298,1.1978189435839244,-0.1725983090207036,1.7894089398770343,0.4280226195953182,1.4974576408867537,-0.021615215352460047,0.9294293948251993,-0.6740373186277526,1.2807835146428939,-0.28795751930177477,1.7511920556535485,0.2811656581699541,1.5029699032902768,-0.25610932612767956
800.0,33296.59093662918,5.3,-0.5167014205839319,-4.888992664592733,-0.37384927857686,-3.032855458867672,-0.9030451457868139,-1.2848675608850262,-0.792201862261561,0.48652496366208897,-0.6698841898637578,2.1360331774709835,-0.10343859411181444,3.9133240676579297,-0.9806703230646869,5.525230369427475,-0.27999473322130636,7.369506152424,-1.0893185280052553,9.255895256820335,1.386286748391131,0.16024665466204532,1.6269206733742467,0.09586330011656818,1.6625955220700415,-0.11072275877295298,1.1978189435839244,-0.1725983090207036,1.7894089398770343,0.4280226195953182,1.4980081059026507,-0.02159657923093152,0.9294293948251993,-0.6740373186277526,1.2807835146428939,-0.28795751930177477,1.7511920556535485,0.2811656581699541,1.5025841993208062,-0.26620777325703726
820.0,31536.431465758367,5.4,-0.4435522468919986,-4.860982594991659,-0.3000118211823228,-3.0365801631752003,-0.8437676276582827,-1.2578159651807677,-0.775490735995435,0.5473466851490312,-0.628723374066029,2.1271726856832225,-0.05155372945006109,3.906618884946134,-1.0314358850267955,5.57273006585266,-0.28992534836650696,7.365647867694122,-1.0270303493068278,9.202232648952458,1.4062473029349936,0.16280601004644596,1.6269206733742467,0.09586330011656818,1.6626407251321542,-0.11072014576647778,1.1978189435839244,-0.1725983090207036,1.7894089398770343,0.4280226195953182,1.500878983772203,-0.0203890308913637,0.9332807408116672,-0.6722568530644588,1.2807835146428939,-0.28795751930177477,1.7511920556535485,0.2811656581699541,1.505007784814471,-0.26295297040626364
840.0,28994.675701710046,5.6,-0.34785107454423303,-4.833720581822557,-0.28836894541846353,-3.0439388087050747,-0.808680133569186,-1.2801117296804052,-0.6908043515360168,0.5374874777240461,-0.566597451405759,2.1170740891540722,0.024276336812102967,3.9154567777986946,-0.9060229483951258,5.660793664919534,-0.17891617781912747,7.41060916388938,-0.9575087386327112,9.208241249579727,1.4062941005889806,0.162839516285634,1.6269206733742467,0.09586330011656818,1.6701146889362957,-0.11072014315926855,1.1978189435839244,-0.1725983090207036,1.7894089398770343,0.4280226195953182,1.5187782429488368,-0.02023378948103873,0.9347064960258891,-0.6714796929291846,1.2807835146428939,-0.28795751930177477,1.7511920556535485,0.2811656581699541,1.5061607974165345,-0.26461347700753823
860.0,28637.825924725614,5.7,-0.3116227035317758,-4.868371107900488,-0.19995904259351793,-3.0503390645082225,-0.7631948272124472,-1.2732250508373397,-0.57417469819112,0.5078015205763637,-0.5220847834773694,2.0757283259189787,0.037042960953540406,3.915150205851353,-0.8962260050907427,5.640614146549462,-0.12525560723342605,7.419372312351766,-0.9215794354472058,9.174520658022047,1.4133604152385923,0.17547606222616496,1.6269206733742467,0.09586330011656818,1.677411068137755,-0.11072013963094944,1.1978189435839244,-0.1725983090207036,1.7894089398770343,0.4280226195953182,1.518778242277738,-0.020233786340300264,0.9370693917812322,-0.6703007567515182,1.2807835146428939,-0.28795751930177477,1.751647922488372,0.2808191513688995,1.507784452212664,-0.264635195788334
880.0,24744.39879856991,5.6,-0.26391867168878935,-4.842535316479472,-0.14016306781792182,-3.063049452808606,-0.6783407770691234,-1.2729711679012798,-0.5913343323685254,0.4940951690840471,-0.5303178415811073,2.1006980573257574,0.05799996148157342,3.9229809245754588,-0.8243422362272845,5.571727019019178,-0.0943118680460412,7.485846535351788,-0.9140873693863616,9.287633959502804,1.4248436862541773,0.1774116562236969,1.6269206733742467,0.09586330011656818,1.6774164956708741,-0.11071998014549111,1.1978189435839244,-0.1725983090207036,1.7894089398770343,0.4280226195953182,1.518778242277712,-0.02023378634017925,0.9386705456922704,-0.6697734181282461,1.2807835146428939,-0.28795751930177477,1.7572016764709724,0.27861277700243015,1.5088823350328107,-0.26476572694899253
900.0,23272.695546649,5.8,-0.21434991650872534,-4.854296500995873,-0.09136359790743587,-3.037952997269403,-0.6488017177205107,-1.2487379558778973,-0.5079929737623374,0.49335960935226497,-0.4255175025603144,2.0964210615926797,0.10202608482771314,3.9127493428720976,-0.792346966632475,5.571493208763287,-0.05474135601734973,7.470400358452205,-0.9046246352609855,9.254765234261727,1.4272542070054264,0.19611043212693258,1.6269206733742467,0.09586330011656818,1.6774164956708741,-0.11071998014549111,1.2113243580669397,-0.17263725043729491,1.7894089398770343,0.4280226195953182,1.518778242277712,-0.02023378634017925,0.9485774455722387,-0.6682466216360531,1.2807835146428939,-0.28795751930177477,1.7601304207397934,0.27643718473105705,1.5205562465727593,-0.26870954672576247
920.0,20968.316639080993,6.2,-0.12961514447618452,-4.821152463282193,-0.05625180470539032,-3.0062833345868,-0.6178435945149724,-1.2270535582034898,-0.47366962545794883,0.5024653316284821,-0.4241128340448667,2.0862714918083927,0.1535087662279407,3.9121236460812225,-0.8088018225751643,5.617634414477097,-0.03844024776960795,7.46839498008656,-0.8819287966533228,9.262365651871374,1.4356196063085236,0.20170101117541792,1.6269206733742467,0.09586330011656818,1.6878663824999098,-0.11106353255077314,1.2113243580669397,-0.17263725043729491,1.7894089398770343,0.4280226195953182,1.518778242277712,-0.02023378634017925,0.953536393235203,-0.6680444670528624,1.2807835146428939,-0.28795751930177477,1.7614197310496629,0.27491361049399343,1.5253620958337328,-0.2685000841792594
940.0,17515.963855904538,6.6,-0.023223896529328703,-4.790943772234765,0.060482429533372,-3.0381571103865723,-0.5932096583476643,-1.311211631561709,-0.44803572460732133,0.5030862977419593,-0.3349616561955996,2.064541300754999,0.1776104850913483,3.9040032355556407,-0.6959157523984071,5.615037461880446,0.018127883476760226,7.489021141958406,-0.8352318378670605,9.291738017608235,1.435620423577417,0.2017016042756245,1.6269206733742467,0.09586330011656818,1.6949721450536113,-0.11107743813226933,1.2113243580669397,-0.17263725043729491,1.7894089398770343,0.4280226195953182,1.518778242277712,-0.02023378634017925,0.953536393235203,-0.6680444670528624,1.2807835146428939,-0.28795751930177477,1.7628027469144762,0.27332728088300084,1.5253712017138197,-0.26849811533112167
960.0,14080.615279685113,6.4,0.022891942500322848,-4.773066208001039,0.08614579402756098,-2.9990955790375993,-0.5519540424450381,-1.3321734253536461,-0.44341943446013865,0.44987142133903435,-0.3676663644341699,2.0803637347997634,0.21735792473692234,3.93016809817061,-0.6917865147788376,5.622674398528903,0.059926062496087965,7.512934615559127,-0.8081210309006966,9.270410888604207,1.4388675537933322,0.20241198571055952,1.6269149669400396,0.09649789864085272,1.6949721450536113,-0.11107743813226933,1.2113243580669397,-0.17263725043729491,1.7894089398770343,0.4280226195953182,1.518778242277712,-0.02023378634017925,0.9545947710154591,-0.6678385757929014,1.2808621915606502,-0.2879936673676425,1.7684904748800605,0.24871506276038663,1.5270011136514576,-0.26814410924436133
980.0,12659.604315039076,6.4,0.06475928158784554,-4.841926668156669,0.1215625754785525,-2.9985289690248,-0.5269464144963716,-1.3067411463759195,-0.4236869574691517,0.4591739881000579,-0.37109646582940725,2.0866090244210813,0.23658238513266294,3.937673912261232,-0.6548608020053222,5.680974500147144,0.08905368312849463,7.554951531045923,-0.7886531855988199,9.31058221195954,1.4467261843311943,0.20180697524076097,1.6269427781451327,0.0966669666423089,1.6949721450536113,-0.11107743813226933,1.2113243580669397,-0.17263725043729491,1.7894089398770343,0.4280226195953182,1.518778242277712,-0.02023378634017925,0.9605655522505858,-0.667531646577122,1.2808621915606502,-0.2879936673676425,1.7745784478861957,0.24630651327070696,1.5321367222847668,-0.2678256623444933
1000.0,10119.922535582997,6.6,0.09156781531644731,-4.828901666948002,0.20405247735100182,-3.0155100121250435,-0.47195701989555283,-1.2584664017329448,-0.32752621780851254,0.5496554058637675,-0.27745566029691415,2.088390180490733,0.24214524032802204,3.93173307884746,-0.6582195091854286,5.694913811317268,0.072234927755587,7.540188677764341,-0.7589535553036219,9.34630168441925,1.4669591460653906,0.20592936954536198,1.626958918167669,0.09678088997516869,1.6949721450536113,-0.11107743813226933,1.2223865646004854,-0.1711224047474746,1.7894089398770343,0.4280226195953182,1.518778242277712,-0.02023378634017925,0.9720033997494433,-0.6666715663596198,1.288829525712069,-0.28839385086394087,1.7752359408680687,0.24580481575521151,1.5445714759836031,-0.2720782002625305
1020.0,10525.504715825562,6.8,0.1737071975955933,-4.7846366932459095,0.2772958761867963,-3.0175451293327766,-0.3734826202486446,-1.2847099501026513,-0.2806932101093548,0.5164552438329191,-0.276109035486812,2.082411310269136,0.2777058302822087,3.9247399359756088,-0.5981069733943754,5.736213958080401,0.2094561055452881,7.568950855522445,-0.6393764051800014,9.34328309344536,1.4767462044076325,0.20728475944115102,1.626958918167669,0.09678088997516869,1.698788997232164,-0.11112373125775776,1.2349566873370783,-0.17110581614010673,1.800298545401306,0.42901637656903624,1.530462575928646,-0.022177875839555307,0.9722409492045323,-0.666643566953738,1.288829525712069,-0.28839385086394087,1.7768042379635745,0.24325200856515766,1.555222781086941,-0.27205628718658137
1040.0,12914.689380377144,6.9,0.2087208536588631,-4.841909191332808,0.3493253485945325,-3.0665878948664913,-0.3650774019841133,-1.321419155988782,-0.22176299694710008,0.4756179577035377,-0.17643286623066104,2.067438181860596,0.33320682335526125,3.960058563913832,-0.572330340661469,5.651132563707546,0.22342550939799297,7.564743428532081,-0.5907889227408443,9.270544831977139,1.4931817936160625,0.2124094847606272,1.627014506803929,0.09684412313620598,1.7128939522178985,-0.11112385772460023,1.2349566873370783,-0.17110581614010673,1.800298545401306,0.42901637656903624,1.5315985681716333,-0.023265742833223402,0.9808102668460126,-0.6671862823128454,1.3027622069452844,-0.2893109860443414,1.7775853510119788,0.2423636741004434,1.5560284134725357,-0.27194090917132974
1060.0,14113.264471332974,6.9,0.2529397522907778,-4.881347553514997,0.434870302963681,-3.0854579186765503,-0.2791178163467819,-1.3532292388589593,-0.22461275747116766,0.4437283126542386,-0.15494976345693975,2.0835544573053117,0.36290178208741136,4.00972168983401,-0.5270153950647649,5.599451450855793,0.269956561148352,7.51775048289488,-0.5543114444535033,9.301594446350167,1.5129403172668443,0.20247717307893867,1.6271057151045045,0.09694858676302139,1.713649287995581,-0.11132728494584601,1.2349566873370783,-0.17110581614010673,1.800298545401306,0.42901637656903624,1.5401069279967134,-0.030250604273559367,0.9873164865906965,-0.6675671773696463,1.3076473596832174,-0.29093214356917363,1.7893028265665651,0.23309063404796562,1.5599134017197949,-0.27178969799877956
1080.0,14488.312090521067,7.2,0.29673762157082006,-4.912896319725993,0.45847911103316175,-3.10624749921967,-0.23770075112935113,-1.337786295983827,-0.167102903342572,0.42516089709634663,-0.06861620758894704,2.1160146162204074,0.3971027823179619,3.971335670567042,-0.5159492764918433,5.679223246312304,0.3022270719795985,7.5033033475169955,-0.5773049366044775,9.269697645749053,1.5173491778217325,0.20089583146155396,1.6271057151045045,0.09694858676302139,1.713649287995581,-0.11132728494584601,1.2349566873370783,-0.17110581614010673,1.800298545401306,0.42901637656903624,1.5504078414706108,-0.033187450100475836,0.9952688309185296,-0.6671598420351932,1.3168515777279022,-0.2927057937940667,1.806438218768643,0.22843400863951685,1.568499512872777,-0.2716979219656673
1100.0,15267.878052892436,6.7,0.39298745832110604,-4.909095232980965,0.5306419687193874,-3.137893766259913,-0.19546973798859246,-1.3247903155020428,-0.14600877975043894,0.5190707688062587,-0.08333250520245414,2.0962545689596954,0.435824108657597,3.935001094038507,-0.5029609989368993,5.732253571270248,0.3113729076161734,7.590531939656962,-0.5597342291032832,9.30388794361903,1.5390196206481694,0.20062315498216363,1.6271057151045045,0.09694858676302139,1.713649287995581,-0.11132728494584601,1.235100871591706,-0.17113456017204687,1.8007802868788676,0.42892058343893086,1.5529929428844438,-0.03393050645228103,1.0005172147271582,-0.6842471017493492,1.3179063295520386,-0.2997790513965136,1.8068555516509393,0.2281002397560668,1.5790390250625024,-0.2598823717892596
1120.0,14394.952431228525,7.6,0.46647437872809777,-4.932054501179663,0.5595656139351028,-3.2000230266702436,-0.15012974389527858,-1.3641737844004802,-0.08634007170687748,0.5211654952213047,-0.014676508015903877,2.0635879468500042,0.5077888177894406,3.930797163419316,-0.3382147691678737,5.68046946012308,0.3742391631053384,7.636922812731337,-0.5179388612489456,9.337511873141327,1.540371121101381,0.20062332293732266,1.6271057151045045,0.09694858676302139,1.713649287995581,-0.11132728494584601,1.2351009064390792,-0.17113457669157986,1.8007806107678426,0.4289204969742088,1.554947540039166,-0.034266137751187385,1.0005181623536221,-0.6857859428192166,1.3179062551579095,-0.306552496756822,1.8176881492821646,0.2264338139957276,1.5790784668598432,-0.2576793290530355
1140.0,11751.724731113824,7.2,0.5022140694165839,-4.903257041714757,0.5629752579920049,-3.1377703937566563,-0.14843798898660748,-1.3624070414704026,-0.07754653096910905,0.43607628250259,-0.003700907156469824,2.06315796191716,0.5497525601655584,3.9566671821241237,-0.37973729097026954,5.649552495212666,0.3987125093060172,7.630523777441686,-0.44093475284510075,9.321429835877742,1.5427708817053305,0.1978770811722452,1.6271057151045045,0.09694858676302139,1.7223971597656238,-0.11125629995261017,1.2513946672749188,-0.1711615619910504,1.8087015138105347,0.4284950738863055,1.5632534865335972,-0.03902745191837796,1.0119033068489522,-0.6867272152895613,1.3237282966639659,-0.3215664961374417,1.8216201376278138,0.22063169556388934,1.5790784668598432,-0.2576793290530355
1160.0,9864.123305762541,8.1,0.5675901616830434,-4.869429016637392,0.6106172160587303,-3.0865958232644,-0.0906684273275162,-1.3586925326971508,0.008855850395354525,0.4349267195734637,0.06377187005522442,2.0818350139675816,0.5449550768609621,3.9146483886277523,-0.2836026117471999,5.702357900195237,0.4405830027820235,7.589753997614858,-0.4286603877995579,9.339585560349311,1.5494648610557114,0.19542441305341166,1.6271057151045045,0.09694858676302139,1.7223971597656238,-0.11125629995261017,1.2537647912404029,-0.1712047988714687,1.8087015138105347,0.4284950738863055,1.571338234516976,-0.03853789883860905,1.0132926031951615,-0.6996355321179234,1.3247556323390304,-0.3220112452770321,1.8290736658703473,0.2183441327198749,1.5826595409188025,-0.25442493000209565
1180.0,11483.635056486026,7.8,0.6324842520208559,-4.878073873272733,0.6967560086915656,-3.1046741782437204,-0.08765781017614918,-1.3283342432777403,0.03209013915612979,0.47495210354958683,0.09475733851812733,2.1007590543970105,0.5795116996419429,3.960472367624592,-0.31095355999664515,5.707117743051354,0.4567725213422095,7.559529191883238,-0.423293966865101,9.3419631765647,1.556428583022393,0.19458463364324965,1.6271057151045045,0.09694858676302139,1.7223971597656238,-0.11125629995261017,1.2588395021379322,-0.17124384486191072,1.8087015138105347,0.4284950738863055,1.5851026913113233,-0.019837787917936,1.0196308182886762,-0.7002710852073301,1.3285987316985908,-0.32354641254543504,1.8473215447258542,0.21591167392983274,1.598458655930441,-0.24380499877900502
1200.0,14922.932186298922,8.3,0.668706075622884,-4.886500728254392,0.7844904936426774,-3.140893463280494,0.045477604468196084,-1.3075929301642775,0.07621087126513997,0.4435272310159634,0.13859158398210783,2.123533236943738,0.6341682979996446,3.9974216648921654,-0.2288098032521546,5.683480680027858,0.5452533508048562,7.60982775136363,-0.3314405391577113,9.358399179173961,1.5578022893034649,0.19469790901933254,1.6271057151045045,0.09694858676302139,1.7223971597656238,-0.11125629995261017,1.291892985484284,-0.17221324738971258,1.8087015138105347,0.4284950738863055,1.5880798388504478,-0.011335204561874045,1.0196323448863993,-0.7035945688155474,1.3369195354384922,-0.32682776537052094,1.8620031523665233,0.21539844874667743,1.5984501799801867,-0.23955653095417045
1220.0,16019.205182300731,8.1,0.6893633483327253,-4.881671074964967,0.815644856108603,-3.133902140550267,0.048614025943475594,-1.3749791720026283,0.12344476364354369,0.40670683134609725,0.19810079248897455,2.070757972461633,0.7111700028729915,3.970607029725418,-0.23841963585478027,5.693819217369388,0.5476883414565555,7.611919724058877,-0.26753243178754343,9.335709476913072,1.5818444840890162,0.19478100008898108,1.6271057151045045,0.09694858676302139,1.7223971597656238,-0.11125629995261017,1.292999995677493,-0.17159579357185906,1.8087015138105347,0.4284950738863055,1.592553736903237,-0.015480404974001761,1.024023954797434,-0.7050848086640384,1.3375317361010233,-0.32678407296971346,1.863061624959434,0.21360785658553988,1.5989151197096416,-0.24205765919423627
1240.0,17828.015817837655,8.3,0.6912892819402117,-4.846432237260888,0.8136353301557906,-3.1081921148016787,0.04428002536284006,-1.4363142082818583,0.09991296168882982,0.4289235031874896,0.2241052843934613,2.083065282327102,0.6952705138839157,3.9102270064921933,-0.2079177267191378,5.7157072095962285,0.6583824443050864,7.6325446753798545,-0.24361110877582676,9.367231983404524,1.5885269163165772,0.19392218011297088,1.6271057151045045,0.09694858676302139,1.7223971597656238,-0.11125629995261017,1.3002791341462412,-0.16918941864790477,1.8087015138105347,0.4284950738863055,1.595053689131998,-0.0152920328834806,1.0297689272277164,-0.7052507886405945,1.3375317361010233,-0.32678407296971346,1.8763227153158226,0.21239671819148995,1.6037989527420724,-0.25089758802978934
1260.0,19144.573203371918,8.2,0.7688629222099287,-4.814694372989323,0.8888744842985202,-3.1039650803958176,0.087681487635897,-1.3892432794927305,0.18191199117066287,0.41052937656041566,0.20836849567931942,2.017749081315273,0.7518340192781966,3.890827627759598,-0.14055159147985663,5.696035543922529,0.6953153769057618,7.604873016443365,-0.2377971774017972,9.363561648884323,1.590534463489846,0.19264601618178565,1.6271057151045045,0.09694858676302139,1.7223971597656238,-0.11125629995261017,1.3002791341462412,-0.16918941864790477,1.8087015138105347,0.4284950738863055,1.5986921119150834,-0.014887619676132769,1.0321627148674348,-0.7050542104975266,1.3375317361010233,-0.32678407296971346,1.8777795510956956,0.2111680397624797,1.6094519583389757,-0.25023390616354835
1280.0,18407.411977594827,8.7,0.8306120413705003,-4.851069342236733,0.8956516659721447,-3.148084852471756,0.1306093182784458,-1.3736056139484625,0.2162315445702882,0.41902336475616575,0.2548697028623116,1.9925615083256123,0.7761092181411483,3.893817066496472,-0.08478015832493652,5.705901060683605,0.6740817048314327,7.566550537015855,-0.12017729181971266,9.334818760968577,1.5907550965511366,0.19251324051187457,1.6271057151045045,0.09694858676302139,1.7223971597656238,-0.11125629995261017,1.3002791341462412,-0.16918941864790477,1.8087015138105347,0.4284950738863055,1.5992534754573255,-0.015691553002459058,1.041216292263942,-0.7104929112612609,1.3399797644041596,-0.3271115811381905,1.8865391654067198,0.2098500057073927,1.6117416545474796,-0.25013388001437764
1300.0,17015.810088482052,8.4,0.8603527895188071,-4.884458287433871,0.9255243469316484,-3.2066884533262865,0.17898133955163698,-1.4006388159588181,0.2879797267940497,0.40873932279429753,0.34943925951814214,2.0485691470814156,0.8374545897929219,3.909874258002547,-0.06727301226414306,5.679065242369091,0.7438469463259917,7.597240613052124,-0.09602970412595233,9.340253288808578,1.591928648105085,0.19251328330289003,1.6271057151045045,0.09694858676302139,1.7223971597656238,-0.11125629995261017,1.3022556783596975,-0.16935796242486073,1.8087015138105347,0.4284950738863055,1.6172628144628276,-0.01636347386817627,1.0418453601138862,-0.7104494438524938,1.3420330427875629,-0.3280197658572871,1.8916038661906094,0.20777551460911936,1.6242457257270655,-0.24908390863324134
1320.0,18189.056080932663,8.9,0.8703172003709648,-4.874583045505259,0.9675136513028914,-3.1592930634856264,0.21906382498182975,-1.3931045204764376,0.2718308763335114,0.3710984172843095,0.35155306784777945,2.032303921919687,0.9061982705821336,3.933145454523165,-0.027221759210264113,5.64381046170504,0.7482222441567179,7.601627382718904,-0.05742208207778208,9.374138280538105,1.6051769674329475,0.19146764714551393,1.6295687739328781,0.09818997599293003,1.7370755885052234,-0.11089591796253914,1.3058200652395695,-0.17028508682368929,1.8230329253653086,0.4278283538948232,1.6197551546683404,-0.020893695717188642,1.0424027995101512,-0.7104143553907848,1.344552441685366,-0.3290124580376445,1.8935861128421414,0.20531659385153703,1.6263041770369444,-0.25147378669657194
1340.0,17273.77618805992,8.6,0.9380106706689769,-4.835818731231215,1.0083609213872042,-3.0852802337730365,0.29843583656921713,-1.4007911888880578,0.36271395931238304,0.3908326459219499,0.37601521253180215,2.043587747246155,0.9314498210751138,3.8562275336959617,0.10707192561606635,5.680212973548381,0.8668368318542043,7.530993037009604,-0.0022231260353808404,9.294744390511266,1.6146105428708775,0.19014822866896056,1.6424473051722153,0.1054184787052261,1.7455257987406587,-0.10534820891010199,1.3127748325352668,-0.1704769999748911,1.8289270690891377,0.4274475562989247,1.6374300263889172,-0.021278384469163546,1.0438006159342854,-0.710365623421006,1.3634685914848999,-0.33008220134021726,1.9025718946613264,0.20363370160238164,1.6431224092399574,-0.25020137351592975
1360.0,16793.61655877013,9.0,1.0265578836483171,-4.82347205980686,1.0937020005514957,-3.1119500899247172,0.33341226887719533,-1.376911437476565,0.37346783769468705,0.41568066947987425,0.4388935565389988,2.0811745788592098,0.9956859464058221,3.8222863930702617,0.09958057093965238,5.645391206211194,0.8400095687666745,7.488464561270449,0.02216142957938303,9.283775059299789,1.643268368507632,0.19260873496763492,1.6474675993754417,0.10697754633384608,1.7484795645698352,-0.10532389563512268,1.3139514227899414,-0.17058161100216704,1.8298101128484945,0.4273263825451812,1.6435412468828985,-0.021538265859620154,1.048082487724485,-0.7102175948773511,1.364441412063647,-0.33042975744615316,1.9034465130574738,0.20309494412535017,1.6526203975994602,-0.25008167617138
1380.0,17004.072856926203,8.7,1.0847333280330822,-4.80809756216576,1.1711435304371807,-3.155835311730377,0.3746449585235596,-1.36744182631445,0.4275328267924978,0.4274081489624858,0.5069787915348716,2.0667640783691317,1.0763595932812708,3.8857677057657605,0.16749422578338172,5.645756823502567,0.9417087294279849,7.532232149194689,0.08685335310113944,9.281132334028594,1.6830255579915587,0.19320630249784634,1.6540108582164599,0.10844992160870173,1.757248404040896,-0.10532279220277496,1.3262114467019155,-0.17187097897796816,1.8609314154368264,0.42708208833921474,1.6663822365631151,-0.025732439147014154,1.058779593119692,-0.7105571636439647,1.3723116581492676,-0.3319270448249511,1.9034465130574738,0.20309494412535017,1.6526203975994602,-0.25008167617138
1400.0,18224.27986351908,9.0,1.0947153737121513,-4.842043417774358,1.178571817444943,-3.160842740523937,0.42215383178083093,-1.4250391107742242,0.4447996955574528,0.37789387225315924,0.5465129493001183,2.0169575645266304,1.1275065300796803,3.9229971454099823,0.15678436322043035,5.696321896703353,0.9366906079290969,7.543612356449143,0.11943417370168954,9.289180621749678,1.6911987878228802,0.19362953677742284,1.6863994670955633,0.10888228562683444,1.7684363161874994,-0.10532278247267743,1.3307183946594339,-0.17437540321258202,1.8609314154368264,0.42708208833921474,1.6710777014074654,-0.02971026466754505,1.067835671692182,-0.7109079338498787,1.3822797696097384,-0.3341199892962271,1.9050343350965555,0.20092319295362607,1.653779245056612,-0.2509149482966757
1420.0,17031.85897976815,8.8,1.126269531011437,-4.845985063680837,1.1965280952038049,-3.167189814329331,0.41200962219799653,-1.4583204965274494,0.45143042920374105,0.4144658403534063,0.552487375267867,2.0566192751101706,1.0786577981774423,3.896818967359335,0.19748370052336245,5.662805116630965,0.9798115095033934,7.597587872898981,0.150620185873419,9.313447359380774,1.6994662952011699,0.19334738720803343,1.700235710261706,0.1103341329046716,1.7712688042199425,-0.10536307639270388,1.3332267861574485,-0.16823192371011358,1.8609314154368264,0.42708208833921474,1.6733553452962837,-0.030887413089872175,1.0697578987946983,-0.7112032979803503,1.385255949487901,-0.33535591561166733,1.908671984505066,0.20009702820515834,1.6551493491831977,-0.2527550369831024
1440.0,17473.453263663992,9.1,1.1691589658843369,-4.866633022747015,1.260900893499034,-3.1682453691057386,0.4850182514588579,-1.405833976400057,0.5155267337848083,0.3850516435990154,0.5984391972912043,2.0509794460421347,1.1680476004218365,3.8567654406745886,0.2359118200442417,5.660498999446789,1.0117858925269232,7.587160934809754,0.18172707344227795,9.339023155999158,1.7037365773474846,0.19039150764357876,1.7033934135665725,0.110992567177657,1.7835010208209188,-0.10556754532519116,1.3511648319054532,-0.16735712949665998,1.8687707857038351,0.4265068500208639,1.6880257533855834,-0.03240452844778421,1.0905200660170293,-0.7021366532692914,1.3997029073623348,-0.3384333368214637,1.911543877117143,0.19777352154250583,1.6582595531546171,-0.2525977797065879
1460.0,18225.829343081205,8.6,1.2229373507666683,-4.847210467247873,1.224712363680846,-3.124874676065204,0.4882310574259038,-1.3599626637340687,0.5734849988281929,0.43664825689853615,0.5922218338567073,2.0167451963659975,1.1566270939748333,3.841332818472032,0.20667069681149744,5.658672866375701,1.0168956599114685,7.540918728303157,0.18168850725881042,9.336689504688634,1.718363715093782,0.19281376438812364,1.7037601111531757,0.11125101390588873,1.7852461369152184,-0.10585885506655049,1.3657443063567563,-0.16838877251376308,1.8719146562100542,0.4263337718447424,1.6940808540690235,-0.03267729926032412,1.095070575522225,-0.7023299804472511,1.4164525234762595,-0.33819426823301163,1.9154635191924978,0.19641358447517931,1.6601579535041808,-0.2525560102156658
1480.0,15834.467147743428,9.1,1.279760709530367,-4.87214697001419,1.3174145691812922,-3.1515333655868245,0.5528433089224781,-1.4014453200656596,0.6102659084498487,0.4555882744128491,0.6945034794635205,2.055268644521147,1.213756572644979,3.8817408134807727,0.2594901790835822,5.667459557974917,1.0333882173140965,7.540459110802897,0.1964845109700172,9.32953706043082,1.718363715093782,0.19281376438812364,1.7193119209995387,0.11252146224035449,1.7984857995513064,-0.10585878974231946,1.3721422058649058,-0.16930549794301358,1.8719146562100542,0.4263337718447424,1.7039218590617076,-0.03517052934520386,1.1142383653732808,-0.7045978320569808,1.4469654955730946,-0.3467149108225256,1.9213653111255948,0.19520105727866274,1.661152372344351,-0.25248846697223326
1500.0,12174.323387983697,8.6,1.2961712106615109,-4.892564844577506,1.2610162451538673,-3.1689412965581853,0.5626195330041389,-1.3560248307838048,0.6131329738494197,0.38917114566255834,0.6860641051333897,2.036680798704365,1.2035566050637914,3.9126719338111373,0.24420605078057395,5.6712453543385815,1.0495099950246507,7.61113239368039,0.2199154114576926,9.295586459336967,1.7514896029497922,0.1961212775453597,1.7193119209995387,0.11252146224035449,1.8000746366278926,-0.10825585500467197,1.397988406535485,-0.15450356592118777,1.894941411870948,0.42602677055308363,1.7085321150453836,-0.03509156547270722,1.1202176701172388,-0.7048888644031461,1.4719921636661986,-0.33272829284490923,1.9218967132364155,0.19464317486311417,1.6634692485584481,-0.2552745785430023
1520.0,14455.118136486451,9.1,1.357033794597538,-4.844697958212345,1.3168239928960606,-3.1306539011041954,0.6128132996252305,-1.323763561529361,0.6728602250799234,0.42797818673298077,0.749357272081508,1.9670473785023241,1.2708300602949154,3.8444250803656077,0.3604441851996708,5.677948016690222,1.0386217816690473,7.590405298342955,0.23612430553765598,9.361508273061066,1.7576779040986277,0.19445010797413417,1.7287436595943468,0.11318767492418877,1.801148179957562,-0.10929578930079265,1.4057499184548339,-0.14681048482284842,1.894941411870948,0.42602677055308363,1.7167512910240124,-0.03511363315691194,1.121816764931626,-0.705027591078802,1.4860919812778544,-0.33168898847363026,1.9243542626866308,0.1925197077836517,1.6646662391377571,-0.25550779086497705
1540.0,16469.873030848077,8.7,1.4172394057078654,-4.849198765379957,1.3386688449950854,-3.102533184438724,0.653614482244155,-1.3243205567981866,0.7373826913588983,0.41814349696498043,0.7481845992717767,1.9634572115918758,1.282861369143019,3.823372539063173,0.3448281416836639,5.610973019565671,1.0671685822052144,7.5451304222615345,0.2474193515627765,9.349184073457412,1.7879309629222448,0.19748898297825512,1.728835180065302,0.11304162703445593,1.8017368076137081,-0.10985054480491747,1.4313443954628058,-0.14757199855930747,1.8999027690315071,0.42595649029463517,1.7564019921868048,-0.03512981996086646,1.1390027103675866,-0.7053704593102474,1.5393150269454172,-0.33256786342453276,1.930109727289191,0.1902385680109095,1.6822504645118492,-0.2543559862186207
1560.0,17469.14362560098,9.3,1.4289173644717403,-4.785361654103179,1.3537002558659434,-3.0824772299373526,0.6475923739646892,-1.344068723624868,0.7954563036421587,0.3774008567266687,0.8553128500266034,1.9722593436906877,1.3320491527129148,3.8797087540174737,0.37231046821009406,5.599567640479176,1.1229121094555246,7.597494755750572,0.2852927209654118,9.35085385656841,1.7938364740531167,0.19728259175479357,1.7324283386950508,0.11169364864964407,1.8154024633808095,-0.11025894519971416,1.4356319081289823,-0.14818072439652688,1.904104422248197,0.42411539176485896,1.7660203876064362,-0.04577176173052674,1.1656242675732562,-0.7085375998921488,1.540926382482186,-0.3406496192921525,1.9387238109745646,0.1799506158151373,1.68615799993919,-0.25496346624530536
1580.0,20847.1853542461,8.8,1.4965539544940007,-4.810911967855792,1.4388145820929636,-3.0810602581102224,0.6621084856629712,-1.3780709514825638,0.7922022274652039,0.31435555812723226,0.8749763520353889,2.0237383022324247,1.356491287689101,3.8141043443363456,0.37500413785834974,5.628132507338354,1.0657619741243263,7.5986897826562965,0.3023065537042332,9.394888591010636,1.80317800919797,0.19678474324106335,1.7406101980014228,0.11175958278425088,1.8165533722006182,-0.11170584058341917,1.443206268673355,-0.16479471566612933,1.905388465407785,0.423818212760096,1.7815421066716144,-0.04848140179781472,1.1743159807224646,-0.7088291547805874,1.5687251593525742,-0.3476012654777579,1.9619965111499362,0.1794694497814287,1.7098357751875273,-0.2563902657912969
1600.0,22614.310744203358,9.3,1.5491629536105986,-4.791796251976146,1.490330852161789,-3.101722221178084,0.7645138801940423,-1.361226822906575,0.8335605413049997,0.32452009005446236,0.879054748411461,2.0056564055525623,1.372895481759402,3.779203201101607,0.41561077320147605,5.65361858691646,1.1601072100939978,7.630600427446059,0.3406663174265402,9.394187885867321,1.821036853301634,0.19602266946519986,1.7531853154265158,0.11012443990484093,1.8297558085530792,-0.11217804351521798,1.4472686599320501,-0.16049802179830217,1.9098120253620707,0.4281759340255863,1.8046268623101618,-0.049018078497507736,1.2015888520319769,-0.709835969747457,1.568978651124053,-0.34778017250773824,1.9620382402542162,0.17945208754173209,1.7109688094865365,-0.2582341218589134
1620.0,22870.52066005076,8.8,1.5996103833706439,-4.81229541220575,1.5820455291275564,-3.1367862254527368,0.8021383512287213,-1.3682470424933075,0.9108047516411238,0.33923767199204746,0.9118707138172025,1.8907370928997953,1.393156591246201,3.7634410100087905,0.5437479972911288,5.661474813925777,1.210162768350432,7.633972773969441,0.38489297923316,9.38845804586946,1.8248731133962117,0.19349494496197817,1.7565778996960557,0.10489900859117449,1.8426266954754964,-0.11309849228144013,1.4496949385488698,-0.1602911782144587,1.9154227811885023,0.4286419136008015,1.8266351078144194,-0.04837039576743256,1.217968545525843,-0.7108116036157073,1.5796993385690015,-0.34800004617144303,1.9825738391868757,0.17684597317684508,1.7318208218311235,-0.259508337014558
1640.0,20263.59720257787,9.3,1.671057509276985,-4.826428384358972,1.6179971026993165,-3.1104268067423386,0.8267655244523906,-1.4158030193919902,0.9192369703686609,0.38767311583606745,0.8997148141956725,1.8914480795500928,1.4183591594754135,3.766963385895586,0.4707473348158164,5.648450756730678,1.2768462687736422,7.571927194638147,0.44023172757640117,9.362697137397706,1.8446230321351063,0.1955947819515806,1.7586813392091103,0.10212546375955948,1.8508001752541545,-0.10070599147404621,1.4822088092743182,-0.16675133054168917,1.9430879728410493,0.4263266230063052,1.8387979294211185,-0.04872088335569356,1.243686665109315,-0.7130740841314869,1.6044013764166967,-0.34789290763723474,1.9895876221926028,0.16646542409617068,1.737668151495003,-0.25869424379003886
1660.0,19459.537206658635,8.8,1.738807611874467,-4.816659534775009,1.6922824833489805,-3.124957165285041,0.8947763451642862,-1.4494114038631425,0.9525496826990583,0.3512980960749349,0.9579199669515411,1.9695853289645924,1.4358616380633171,3.8002741357013847,0.48564195733073223,5.626394781386066,1.2763222996252837,7.570620332834054,0.43819818927178583,9.361412811422873,1.8448896298568491,0.19637125970287658,1.768728812007224,0.1044333080750622,1.8634756164567574,-0.10092839573086884,1.4917164841480601,-0.16934820997695824,1.9435699061363134,0.4259505840377768,1.848305025618441,-0.05745965349869553,1.2544837331038314,-0.7147114417207102,1.618412234697605,-0.34864770377094995,1.9952152955669402,0.16256622680962976,1.743145637251292,-0.2589222828658666
1680.0,17288.630873104856,9.4,1.7401075517454305,-4.857119376491096,1.732060278326724,-3.120956286289828,0.8847687629421943,-1.4130507462356516,0.9064175179956449,0.3174784081413849,0.962090026767885,2.0265565214602317,1.4777630499371281,3.8699605275568354,0.5538795968108291,5.606438597231306,1.3169960084387227,7.573616574176138,0.4719506464494094,9.276281404132977,1.8469086537461261,0.20578876095380672,1.784395456402714,0.10502725286434345,1.8681977910157819,-0.10350646364961473,1.4947304636149805,-0.1704792599156969,1.9440306047439475,0.4258015299709796,1.858227713077783,-0.06062938051831619,1.2617010361887102,-0.7152216496837355,1.6276369492996303,-0.348745892669748,1.9968760030990036,0.15973292996467564,1.7515250220986505,-0.26226256544849785
1700.0,18203.609258878896,8.9,1.7716213688923017,-4.878774275976441,1.7142330785550652,-3.133119204352365,0.9280810651466966,-1.384907415385305,0.980633151809613,0.3836520664906424,1.014673549632596,2.085399726453147,1.5298771762468368,3.857568347945984,0.6095340649230061,5.67758839948939,1.38648893903768,7.522800821708825,0.47797912506085966,9.362301363213367,1.8499172959531467,0.2035553333712259,1.784395456402714,0.10502725286434345,1.8723425060807795,-0.10510032075874072,1.4953934166432874,-0.17073446363610478,1.9453704706728518,0.4326689491536727,1.8643609910231667,-0.061419237156778196,1.2689813754084023,-0.7088442382412584,1.6299442222074247,-0.3490178279616282,2.0013241625007616,0.15763474300252378,1.7627800672143745,-0.26273916273978104
1720.0,17420.156934250153,9.4,1.8538309560279196,-4.836403752820125,1.793406992021699,-3.1421346943662813,0.9939092032656909,-1.3674193070469214,1.0359645661626804,0.4654756790546144,1.0707194046870083,2.0810171197351117,1.5644333190898319,3.870710792685247,0.6017698370316714,5.724444714358711,1.3974959014589572,7.496812452659464,0.5026687258203799,9.273633038610352,1.8765056452957953,0.20812048383174755,1.7888148124229595,0.10498374079395376,1.8743743884370154,-0.10468218292959337,1.5341587516787227,-0.17091440140239053,1.9481360946921988,0.43103780388803903,1.9210347634800269,-0.06146444050561065,1.2867969453418977,-0.7050128780675677,1.6572744666823322,-0.34872399861359443,2.0131677056768047,0.16078695956266714,1.8030847871132285,-0.26380624094578137
1740.0,15709.730055666947,8.9,1.9245120072180222,-4.768760876701704,1.8180669978424682,-3.111176271472771,1.0320525428925893,-1.3949559193701664,1.1077359321411777,0.4577767931612141,1.0946858813052365,2.0249421661457254,1.575150312534284,3.9017397569809056,0.6355421338954301,5.715378750929615,1.445668544130129,7.582591091509613,0.5947284799533137,9.272050944103711,1.8822027699152906,0.2081384790593092,1.7982607581247076,0.10604888328849468,1.8786436417547296,-0.10480678354595349,1.5693916925039055,-0.16868244432292062,1.9552751493059575,0.4294755822690924,1.9376144772625554,-0.0637061893495023,1.3023384122731252,-0.707655897820368,1.6653698313212704,-0.3717711772934398,2.024044010080387,0.15880095538913389,1.8069102565004904,-0.26399252430552156
1760.0,14252.725891101265,9.4,1.9555177054554587,-4.779269492163726,1.911192756280077,-3.11233671297568,1.0985578119608785,-1.3789674757248866,1.142884491451113,0.42980772597514944,1.1694514223047254,2.0217398028560303,1.644186358644624,3.910211823476854,0.6629469903833514,5.689228024821875,1.4741238802584449,7.563524251224289,0.6398545532838525,9.294991964257626,1.9374115699950003,0.21748755853907223,1.8060919505845572,0.1061592448945663,1.8808952093881959,-0.10478908543045,1.6081720379212996,-0.16197194289240696,1.9766246928464881,0.4346236904033276,1.9451601260415896,-0.06282054452509585,1.3115666807360231,-0.7094820474674722,1.699612330443951,-0.3831725048684397,2.029798646789552,0.15816902434215713,1.8237604144654056,-0.2666618880715975
1780.0,14229.780942826395,8.9,1.9460733725630583,-4.800255980351685,1.908573974723632,-3.1126269127498043,1.1504654306220887,-1.3723006756738383,1.2445227729773272,0.39220450341976765,1.1774252199098683,2.0339993284992355,1.662118070168924,3.861829199063225,0.7334398371195705,5.6383634854349385,1.5196133532028582,7.58943822489216,0.5884074664673327,9.405799071333663,1.9706573409390429,0.2169137261144242,1.8145600285573529,0.10626026634116303,1.903531059017417,-0.09462130646073982,1.6481024719020585,-0.16037297620860863,2.0055634695881923,0.434218628986592,1.9835224277568635,-0.0633908443041481,1.358337888947906,-0.725865033470031,1.7358737071676895,-0.3834599364788808,2.0626074857379177,0.15560722963618445,1.8600345278739359,-0.2695160344363641
1800.0,13171.905814607086,9.4,1.9990130403207496,-4.7875527520193,1.9671545649949143,-3.1102324773265746,1.1901767348553913,-1.3666876137131412,1.2608835470638158,0.4120127277296574,1.2789095449351078,2.111159527430833,1.7095786789555554,3.8795426003069737,0.7695643916323218,5.646617077227207,1.5415348839639007,7.592166010438669,0.6287682871144976,9.388723808735667,1.976105323850523,0.2137037470686412,1.84123746816974,0.1113844253842815,1.9104352231565582,-0.09622186269564026,1.6672797788820073,-0.160531875567051,2.0147696820438905,0.4329342880135972,2.0212870404395424,-0.06553362368950985,1.3864063818576067,-0.7264610908019272,1.7573637511070133,-0.38298062953672274,2.0843125027779505,0.15118700598284548,1.8939657452593497,-0.26993041628882714
1820.0,15644.652847059935,8.9,2.061026388660248,-4.751326430159559,2.017320970300692,-3.0809801097198273,1.2207156495700384,-1.416345424296971,1.3199474467383232,0.4727990480837848,1.3112995187114094,2.091220384923129,1.7735755729301677,3.915562277025413,0.8131397566361198,5.719593001320479,1.609394296864933,7.575032115660081,0.6975455159071963,9.359427292989533,1.9926024305251964,0.2240195901133674,1.8617284035190906,0.11180272133133942,1.9323690889763179,-0.08266435554829295,1.681933229547063,-0.1629719787704747,2.0154916211062925,0.4330935408104487,2.0349109518389112,-0.06619595764818267,1.4210472706502613,-0.7272956505842737,1.78864440384469,-0.3866587084631317,2.09060052836122,0.13942984663845223,1.9013690503403988,-0.2706718125952042
1840.0,17639.37599376601,9.4,2.101316498232175,-4.775841622995577,2.075798136823802,-3.106874690518651,1.2435672287920814,-1.4379681439037868,1.3647311589974453,0.48128263285518863,1.3526325435428983,1.9802608844909304,1.7718305808097745,3.906914013889618,0.8462429248942579,5.749711144349227,1.6667172282130256,7.6280159796165545,0.7522246548572411,9.393837580059529,2.001416780858595,0.23828007540519414,1.8631157087692933,0.1119494352298388,1.9363005431328144,-0.08286401765074095,1.7150139339667052,-0.16477242008469944,2.02845577207348,0.43291804513270254,2.0471132971890786,-0.06849320574308429,1.4389215729438185,-0.7286861447546846,1.8212608169487325,-0.3957241267337973,2.1122615068099884,0.13812313768423,1.92224199677922,-0.27015464905395337
1860.0,18404.467919032606,9.1,2.1357251291015316,-4.795259946272566,2.117627196065158,-3.1325482314000976,1.2983854481459527,-1.3742644599000151,1.3889341937792756,0.4063417386262735,1.3050729162583716,1.9971972210827846,1.7663796054900232,3.9234591026971195,0.8531363886110107,5.7623335139736565,1.6882246854808223,7.683986508733303,0.8137723180293216,9.415294702720677,2.014735637292838,0.23943367916285152,1.8980903976261339,0.11303714326976096,1.977902646734685,-0.09193824787564027,1.731510606010375,-0.1664804553627946,2.035247047798745,0.43719697073021146,2.060794850678389,-0.0739661064593739,1.4782568739046282,-0.7293288345899709,1.8387907892768482,-0.39421864903999176,2.139687495629205,0.13791741181442624,1.930696744651415,-0.2736973926195188
1880.0,19093.75977914324,9.6,2.197345541046032,-4.7685223620469985,2.1285424351661737,-3.117517101184979,1.3178776210529581,-1.3795412181836855,1.471715415296174,0.4112039965256403,1.452836740985988,2.086338715515132,1.8910136645813425,3.8938073793201093,0.9346610536574916,5.743866380965336,1.6970351572423354,7.696595253783999,0.7931095687054414,9.479416181859005,2.0189276186628127,0.24112119893063316,1.9211678658833882,0.11552613323379665,1.9818682155129985,-0.09398195680557933,1.74563300280897,-0.16741589547682303,2.053562504296737,0.43517943099762935,2.08491371212776,-0.08083295939361959,1.5125665347545456,-0.729293870997971,1.8715892473447262,-0.39355369589164046,2.169614558678539,0.12548137483814448,1.9512067459367846,-0.2707868416093029
1900.0,20708.906143820706,9.1,2.2335699657361383,-4.784048810218367,2.1719131454485456,-3.0836299753535954,1.3770942634888799,-1.3609396166913765,1.5152417689094733,0.45382156134579077,1.4482016016438184,2.0895572781475154,1.9144319383685076,3.8840297476028383,0.9432953171785302,5.7457570412301395,1.7085541933498796,7.639073703204221,0.8304485667851349,9.49506150511618,2.0673973628064557,0.26011057305208546,1.9647565774455942,0.1162304414449439,2.017627114977951,-0.09277543854523829,1.7776440562180071,-0.167461249252774,2.0887220632045063,0.43994824079983114,2.0931980356603286,-0.07988343150642634,1.5655896518242587,-0.7306241853728597,1.9133851940794149,-0.39858139467517983,2.1821011143462217,0.1275675239887783,1.9539035738997843,-0.2710748556186038
1920.0,17490.184102703508,9.5,2.2950899843839627,-4.672759974736025,2.2256453764460025,-3.052604989277954,1.4126250121112405,-1.37598086886326,1.5345827903419806,0.46222287379963706,1.5867751335417635,2.0308198614244874,1.9315440421827852,3.9274806524944936,1.0036975366880272,5.743481865031992,1.8125042144587797,7.633569735977072,0.9471212406642333,9.389290931369933,2.067443964981898,0.2601080200677467,1.9735749712473172,0.11695267392041046,2.0211577816507833,-0.09296868327811317,1.7997434753425776,-0.17040049792497539,2.111080237797629,0.4408261501444982,2.106902060889439,-0.07980324562057628,1.5848101114695767,-0.7320079800283076,1.941644894184752,-0.39838873822991416,2.2136680479207334,0.11100088001083772,1.964435455238172,-0.27150601128581464
1940.0,18021.475705980025,9.1,2.347931480462573,-4.719683818291176,2.3044773904384046,-3.0425629120566495,1.4244597273649073,-1.3199740233103032,1.5530872831514806,0.4222594502567086,1.5133103258772185,1.994813382181643,1.9939251670855431,3.8974652102291345,1.0362518447900866,5.693932506737542,1.8156380003906474,7.624652839994539,1.0115544423348217,9.368393079509369,2.0764644696990993,0.26059774368710376,2.00307131230237,0.1212642702802151,2.038032511310294,-0.09481676463711886,1.8073796442868038,-0.1702793542827748,2.1373289283788957,0.44962909276078183,2.111125258505954,-0.0781545611889955,1.6139565729864163,-0.7242272845350318,1.9519949290053265,-0.39366928699531173,2.230108125775927,0.1196134732933832,1.9702920351232538,-0.27417955943121364
1960.0,19386.19148580571,9.6,2.3384878669599654,-4.739165448440361,2.344176294775984,-3.039919976149517,1.4990876669509294,-1.2877119815898486,1.6275310639859253,0.42105155643856884,1.5948949765229208,2.013053462038596,2.0488222453436564,3.818588990204727,1.0573259174455858,5.671900511913658,1.8818200498989817,7.6796718025080395,1.0101666150703024,9.432551152015215,2.095450379752137,0.26155226091975375,2.0169454211739266,0.12619542714580342,2.0660444677870076,-0.09621640529944853,1.8515611438062547,-0.17247159766413941,2.1428117951222054,0.44754820391825323,2.136157890185339,-0.07464802595427174,1.6509998057329915,-0.7256867098234128,1.9728377124349503,-0.3908817540774714,2.2460404839384838,0.1178304731763103,1.9804615822944036,-0.27757274937371224
1980.0,20639.027587965204,9.1,2.400724484259978,-4.729963143358601,2.35579121018091,-3.043476456949717,1.5114942052158298,-1.331234458710069,1.6811788571408095,0.417183540558392,1.6623564445270216,2.082004657372473,2.1216506285279637,3.8046273099327315,1.1493806967557993,5.69859219057628,1.9180085679146799,7.663159655210933,1.0294026046479838,9.437122500423644,2.104829355259268,0.25786750315290646,2.0326607975924773,0.1265303672163555,2.070034640634195,-0.09905860299298366,1.878566665391156,-0.17358490954294975,2.1741437285982275,0.4464463635665277,2.170982416628072,-0.07616018202249995,1.667271114194239,-0.7274234052850213,1.9838858084822018,-0.39153877462264947,2.2615700004952424,0.11324197627682593,2.009396742735988,-0.27747069906564265
2000.0,18048.99382665487,9.6,2.470914634235098,-4.678613852125473,2.429773432456416,-3.0184428795707383,1.5613864087421396,-1.3300922935958057,1.6792145626429291,0.4663419279238556,1.6904261977716524,2.048227269114358,2.139983084266409,3.828883850682039,1.2398964234149044,5.682935175668373,1.9423691141692232,7.602176326724927,1.113398514175137,9.340485566323668,2.1330453237010802,0.261729673813064,2.0377652890192293,0.13472637137353805,2.077434397896769,-0.09694401372973735,1.902261996272553,-0.17483486874148238,2.17872718329081,0.4457454096645129,2.18784252463961,-0.07321447631756205,1.6752138399869136,-0.7299523828853948,2.019372459994784,-0.38891114403424526,2.2754973329073236,0.11425364333789283,2.0219082935245893,-0.2765669176434439
2020.0,16139.260189006101,9.1,2.520932660080649,-4.6580246796190465,2.486341790387964,-2.995653190998895,1.6261156094670999,-1.3323563018545195,1.7715971702943345,0.47605499638381543,1.7286286671535067,1.9991477465769172,2.1738165313160964,3.8146839217281028,1.2265343536979882,5.671153950625046,2.00458413723679,7.606052789039827,1.1494302465308872,9.378154802926876,2.140843938076004,0.26757453229071004,2.072155563821494,0.1496589523464812,2.0933660836610244,-0.09685320429690356,1.9289065413710307,-0.17636638345904404,2.21006104787405,0.4451530643880899,2.2003697938993287,-0.07469235154613771,1.7077202011816173,-0.7317646773603373,2.031867832526357,-0.3933968188775302,2.3028370535806646,0.11497342789158083,2.0359986804636954,-0.2774763720313458
2040.0,14298.081609465971,9.7,2.5288760826548655,-4.657685105415416,2.5153546347404565,-2.9749167803563425,1.6636813926934113,-1.26897392739297,1.8033204648563164,0.4485142904163424,1.7219056121832998,2.0164038785666896,2.1891058439993367,3.822071743634332,1.2527634455552703,5.662439242417476,2.033732019598228,7.613657914004207,1.1963261503404865,9.339095501924131,2.1593356147213187,0.268928375786576,2.0782492518199076,0.14944775156032813,2.1073011005243005,-0.09265492575134679,1.955034429163493,-0.17906514587188432,2.2125599728009413,0.44370081951287615,2.2106080706121807,-0.07271651088467887,1.724967247855296,-0.7330751559758982,2.0689383833580264,-0.4049093505595952,2.317598816537631,0.11318676342823948,2.045847309575846,-0.2795222114234198
2060.0,13903.540720212444,9.1,2.5721798753908707,-4.671164269886608,2.5523413975089047,-2.986419036604791,1.685359662225876,-1.2465348968023184,1.8395161172497456,0.48447287533487565,1.8161967742916367,2.0948867056532428,2.2920688127021425,3.8094763020493345,1.3549362793332191,5.668334109952299,2.1002441428319987,7.558462344466754,1.197370718105653,9.345622045917485,2.168034242577813,0.26837259542525504,2.1172957002697705,0.16363407033301644,2.1112162585143013,-0.09521498686414301,1.9793841286597438,-0.18126285590511998,2.2206554293197196,0.4428971038641983,2.2566785013243513,-0.06562082936530209,1.7620243015850914,-0.7151724954838805,2.0881657770631015,-0.40352586818308805,2.3395117777188794,0.10834532487546977,2.1031698341508824,-0.2675797020635847
2080.0,12964.215793982625,9.6,2.632963430056052,-4.637715619440117,2.6085493665108483,-2.9858265324389093,1.6899076004143485,-1.3320421274978766,1.8319449422923069,0.5400941832246652,1.8457856839655407,2.0941343911588173,2.3644127442492513,3.841399334562342,1.3732441355542115,5.685170573770046,2.1243303656312666,7.571776105998548,1.262008395114608,9.327675147021651,2.1905404807499202,0.28503614665538635,2.1404170138802483,0.1651951982769586,2.128429624773399,-0.09164624314385957,2.0059599378975106,-0.17757789258684936,2.23613583509941,0.43460741977596945,2.28940313457737,-0.06558679409904036,1.7905804725072536,-0.7181560021741273,2.102079636455002,-0.3883671668059249,2.3570725592291923,0.10817412303040061,2.120042153839644,-0.2678127592901923
2100.0,12710.722744334033,9.2,2.6833372263510125,-4.621555356527851,2.6407032788830658,-2.961023770249053,1.7284328226047978,-1.3648587897331927,1.8965551585578306,0.5112504218520348,1.9733736563137274,2.1105774578793954,2.372675723537525,3.920719834480284,1.407126283286034,5.703543737633786,2.2201042816754337,7.622850826442088,1.2961464024441176,9.3213880986872,2.2073027384540262,0.28610076745417734,2.1637508282555338,0.16805311677294105,2.1320318098553455,-0.09188557472540929,2.026633937227417,-0.17799669039559468,2.2486078312610394,0.4310958797485981,2.3015965999434433,-0.06684622797692126,1.8159511413155318,-0.7220524792401279,2.1162428319779663,-0.387484314530044,2.372318404916151,0.10453757485695063,2.1241440779375926,-0.2676489092099198
2120.0,14085.220084808494,9.7,2.7063394919530976,-4.680409894965943,2.6847339378455213,-2.967763424187583,1.7677405112318358,-1.3099129843751847,1.9709147458121337,0.464833765993858,1.9489323797703448,2.1311269540384945,2.4314081425293987,3.9225871458073804,1.3783773134030395,5.684424644632803,2.1864968554483513,7.626825815060684,1.3285328918606556,9.365418823656155,2.2365184118220274,0.2889882127928136,2.189033819946741,0.16694380435961148,2.17594249729611,-0.08808849079663272,2.057828715383402,-0.17141938902309806,2.2900579865767043,0.4341193237547046,2.322965349148543,-0.056902060416970844,1.8573297555668127,-0.7205022813076528,2.1542098978125246,-0.3793149556860221,2.3851380069466686,0.10374821806994086,2.1489033147928267,-0.272987415320593
2140.0,15631.288218378471,9.2,2.7039201326394253,-4.713208357844739,2.7069142747333212,-2.9848089488182734,1.7995742712071767,-1.2331440084783023,1.9848313911080873,0.5212696921718651,1.9452354822473759,2.176476437711428,2.4688045090868456,3.9029149291195253,1.4490718662833189,5.686579193931274,2.268340439802516,7.641997327849845,1.3047681141515362,9.36152193332931,2.2562510279364574,0.3022856386737397,2.2056573670495814,0.16548111614640032,2.1877891475120923,-0.08995002396859486,2.081207680151631,-0.16425399817437292,2.2987912838758198,0.4334562439899042,2.344776641965608,-0.05331492442927719,1.891408191912317,-0.7222663437605904,2.183851078590833,-0.37727499519694546,2.4052023021229316,0.10107337294964017,2.1741905447815597,-0.2692965396664834
2160.0,16896.796445757245,9.7,2.7696647092438993,-4.686279290229521,2.748945595256399,-2.9819789807101538,1.8467440558656634,-1.2189469311665797,2.0420168831280328,0.5339318234490954,2.0519026545425367,2.1455789161277945,2.484303226187852,3.8746340499155623,1.4990201946184398,5.7626425224467,2.2673939126755984,7.652579653548836,1.3401668981561592,9.405155733918454,2.301459377477372,0.3008287947643503,2.246147974430025,0.16605152226810246,2.1983189895728668,-0.09183140347181847,2.1090343578659345,-0.1613692033449681,2.3066736810975415,0.436816863493865,2.3833258955095435,-0.052924722091399035,1.9468303053324374,-0.7261235809635128,2.207946201857674,-0.3762810188001202,2.4150462986526766,0.09900661634879078,2.2195169217165915,-0.26704733155119875
2180.0,16523.77441766326,9.2,2.8238878211079355,-4.629491089756613,2.7862818127114304,-2.953000398182191,1.91111569178397,-1.2378536844527313,2.0772869443224904,0.5859283390501684,2.03963238198313,2.119653373361364,2.4421393591651555,3.9327696244811094,1.4883336565879808,5.825273351227392,2.306182989904085,7.678697086016858,1.3616803445305667,9.417986147926149,2.345427165115777,0.2958518531676398,2.260925556775135,0.17092704334696923,2.2159805905501564,-0.08971190556312574,2.1356413839491757,-0.15713676136715768,2.3427509462813325,0.4383007147527215,2.40089182356429,-0.053082852080054165,1.9848449606224012,-0.7232927913626003,2.2369541616782516,-0.37471936023927777,2.4296673977965115,0.1022136280956231,2.2510559301919306,-0.26667921834506003
2200.0,16372.136120158248,9.7,2.891916686077342,-4.655896504648928,2.8285751426380883,-2.9496999338525685,1.9348761114568158,-1.2843977849155717,2.1610898328007275,0.5615851343722069,2.1099762806335165,2.0553752377278647,2.57120130122374,3.915265156243566,1.5832766863561187,5.76850160199655,2.31239137252008,7.716835101285691,1.373195717410018,9.461663467606964,2.393866507456024,0.2949852965999442,2.275719120942173,0.18502969842477715,2.2369233070037353,-0.08892015628041974,2.1857524754495326,-0.15694200058474797,2.381170518483427,0.43825411358573474,2.4235794113735816,-0.05639655661985295,2.0421626390345757,-0.7260326966664958,2.2973609220114386,-0.3895479776717671,2.4658501800623043,0.09928250532005771,2.273600644088206,-0.26868050069730787
2220.0,16575.44890975087,9.2,2.913640201664643,-4.630114298116763,2.8609008800522977,-2.9331169839062516,1.9612927399052562,-1.2260000624493619,2.1523576359818004,0.46138127934370443,2.1130259630078636,2.0366364725509594,2.603496731844972,3.9127969544813093,1.6009021102377996,5.718289321383287,2.315795627059813,7.775219492663235,1.4258604995977855,9.492558615397538,2.405756539412209,0.31702217882185146,2.289578388931213,0.18715248493149633,2.2499681312391564,-0.08669965876046555,2.1936406506664468,-0.14025974550520143,2.3926481115496037,0.43831168744958504,2.4374714785558362,-0.05953777499953874,2.058148652615445,-0.7267736627199266,2.304407946622205,-0.36730895740300895,2.4764880345725944,0.09798749096782151,2.300117391581084,-0.2723074474593452
2240.0,15878.763984143294,9.7,2.9541636932490207,-4.602186584794622,2.910148240183198,-2.92946438639719,2.0049487035893816,-1.2180006183958194,2.2381841799887074,0.46720430291489184,2.190253794274396,2.115641796311699,2.6286276354245897,3.8826020617878263,1.6562815264319322,5.70375757145033,2.3561549490758886,7.724982895421926,1.4364155516763772,9.505468184299266,2.427448899394165,0.3209881286995306,2.335731112749296,0.1880014860704624,2.271790312646428,-0.08701692216557852,2.212521259446476,-0.13751810112901836,2.4121612330687947,0.436995536709788,2.4664917995336437,-0.058728619127776625,2.092904121352627,-0.7301557834297875,2.326438834181798,-0.3667998252363135,2.5089114896265317,0.09251763093719982,2.336358101654544,-0.2731271583775551
2260.0,14723.317030052285,9.3,2.9944131902869024,-4.611148704711729,2.943086058367288,-2.9321241223796397,2.0271878317063177,-1.2571229914005078,2.1882372342714262,0.5695826850010239,2.217995336603935,2.161098391291834,2.6585854273619463,3.9431464315322047,1.6609628871989763,5.722763906808298,2.340493034287344,7.66404969274455,1.4859641554321779,9.5278841134306,2.4764131573615438,0.33754966498780725,2.355149617931424,0.18901562655329052,2.2940833702595427,-0.08514572410531931,2.219986102108252,-0.12077543647897651,2.4194347090136405,0.43766467402422354,2.4922245433657055,-0.05661967826164758,2.118662608752405,-0.7289479237280225,2.3572438743956385,-0.3490880008890126,2.5234161510586195,0.0962669120860303,2.3592161826624602,-0.27167793787086997
2280.0,15457.531406539632,9.8,3.03624162132749,-4.581494341842416,2.9863698954758893,-2.9194195696356107,2.069241705723541,-1.2756868377232575,2.240885736223357,0.5878226890205778,2.2156996637754296,2.149977556437589,2.6816727919427015,3.9899570850414525,1.6943664920031913,5.769659467768452,2.434013404992016,7.6769296382428776,1.6038686989553959,9.449187633721191,2.4816996914478517,0.33870107017109896,2.368057954070197,0.1887926341518095,2.2976894347125074,-0.0853619672382673,2.2389595010509717,-0.12257598170256097,2.420107761660131,0.4380146788881065,2.502650897685796,-0.058252233119924245,2.142901990509793,-0.7233677853710205,2.3697269540732897,-0.35048498284596963,2.5281738388708974,0.09545225795535592,2.3801880356407055,-0.2731920182144524
2300.0,15464.484306561353,9.3,3.052697369713999,-4.658053649977183,3.0403263116217873,-2.9291043669686543,2.101951762732335,-1.2556901517017252,2.268693974904265,0.5207892584453317,2.2609526514172384,2.1613465950363473,2.7539728210115824,3.961468776007827,1.7501721428113708,5.7758533714622695,2.4661204593387196,7.671890135290089,1.6918470835842427,9.430584059517841,2.5358257600984757,0.3425457467505556,2.3887518217548407,0.19055329770850868,2.324035099856271,-0.08389521090624308,2.2650591943043645,-0.11918997478404987,2.451322006075933,0.4393943132612684,2.5354120566153107,-0.06100152252780966,2.198308479266606,-0.712564649477424,2.4125134095813663,-0.34885563331902275,2.552790533359896,0.09417094608281953,2.4143642872248767,-0.2743715144525205
2320.0,14264.334398682078,9.8,3.0307743362055897,-4.672899584338964,3.0344400164757075,-2.943122544048552,2.1312082361316547,-1.2119532953395027,2.295137538497084,0.5141075809916538,2.2925598595602215,2.1737857557729967,2.7930380456392423,3.8910014041511203,1.7649466909435696,5.746097894513648,2.548585832594667,7.730776474672853,1.6762555716340937,9.491003495977154,2.548125376462244,0.34404653330998125,2.4010193203343753,0.19179347957439893,2.3306587163104995,-0.08321515699320318,2.279369290293512,-0.11828956900366824,2.459619664345022,0.43934303693126175,2.551939247872266,-0.06078511193393832,2.2059457161279616,-0.7131862733060288,2.438635018037318,-0.3488297230724691,2.5681916780733896,0.09209477935686719,2.4310811450110625,-0.27564133422750264
2340.0,14462.577342904133,9.3,3.1006606757563673,-4.624063400504012,3.1104489270442217,-2.948949846365546,2.169387125690238,-1.2394452842680228,2.33079752483593,0.5130538746557786,2.3240160954503013,2.154296168811549,2.8001889824235833,3.915695724148789,1.8593364545790165,5.792908115097198,2.5843973635849387,7.736858304729353,1.7280504380409774,9.510908273765086,2.579012370917548,0.3461868879592815,2.440835826047428,0.19358856968348698,2.3614639570036853,-0.08320318181643716,2.3134522699464406,-0.11893243237351489,2.4813593893373427,0.4392387133679801,2.581565636597283,-0.0626119780031743,2.2183823572809045,-0.7175751620615101,2.4664309674894227,-0.35060030754224825,2.588830065426872,0.08689051781781248,2.448555478411439,-0.275051343681121
2360.0,14140.019511498094,9.8,3.1632891944318153,-4.620997973770632,3.135104466942607,-2.952864862686704,2.1824061443186253,-1.2881968201308271,2.304817960930858,0.5209352182039403,2.3729947062872383,2.1387082851167842,2.827535228176487,3.978498321347023,1.8860206382693363,5.826236113028587,2.6331680617878463,7.69013409492557,1.768021483086489,9.467533050613008,2.592039952582263,0.3487754495642729,2.443201704383294,0.193144074354782,2.38825037028279,-0.08114362424337482,2.3382401775889994,-0.11964147282014806,2.4892186595187935,0.43830613004609137,2.6064981847087827,-0.0636399762503421,2.2288087396581195,-0.7343629727642551,2.49898078167454,-0.35041107225559376,2.607367989459376,0.08655994423807228,2.463349220216672,-0.2726499124986725
2380.0,15037.62104079432,9.3,3.1488749860074754,-4.671291983446095,3.212499604102309,-2.969441498109365,2.247069930729404,-1.2918445313272737,2.4073757113424805,0.5111035713599534,2.4616556866472608,2.137068001474831,2.87974655718513,4.006434217104855,1.905335199728487,5.802745922709684,2.7082164103024517,7.687981241961832,1.78779262757219,9.473565155419976,2.6206099017050857,0.3520812417957967,2.4718037484182087,0.1888804717508598,2.402059253558023,-0.07991963573489314,2.387336358019817,-0.11455976083857,2.542629122821832,0.43544722946462555,2.6202038191625787,-0.06590617633187286,2.2548129312765903,-0.7372211556680361,2.5340403728002157,-0.36001049593903434,2.650997796092602,0.08532873790336448,2.4956378038769893,-0.2753609138017449
2400.0,16857.109106894302,9.9,3.1577919104880245,-4.699816708548537,3.174259502043347,-2.9769468730117827,2.2604232993362356,-1.2508688116677622,2.455825244603944,0.47961595340256674,2.4591199387624614,2.115947552108666,2.895439237057528,4.0082627379965015,1.8909982728475299,5.78077701521395,2.7207708532090837,7.746784289643825,1.8759306665087885,9.477075355784404,2.6411010412161615,0.35353926445331096,2.4731498603146562,0.18880321714341258,2.410655261555861,-0.07888846190702936,2.400803577501803,-0.11405805189888474,2.5505421874497562,0.4302202099694544,2.644191388426376,-0.05989814347426634,2.266076878161973,-0.7414590534899721,2.5476853021783024,-0.35762158770458596,2.675829767754597,0.08309352007264499,2.501016507125997,-0.2786648625287555
2420.0,16741.088344001917,9.4,3.2777130071295084,-4.636766382038098,3.231849813985337,-2.9337675572397393,2.319399052050231,-1.2245293199200988,2.524510515748262,0.4856624963685977,2.5018898111595886,2.1699593324373767,2.937635712137127,3.969137382002546,1.9410628974516904,5.797404124878935,2.7866971514710372,7.704637491400591,1.9199499880112014,9.480423481093474,2.6826794367432685,0.3555083129005931,2.4920375023524426,0.18879808365644515,2.442831421755066,-0.07831555227545683,2.4315668733471467,-0.11517800284002828,2.570727306331463,0.43383983736098364,2.6826543209623384,-0.060572379394877654,2.3152367268603795,-0.7386427155090802,2.585251034900317,-0.35778261150919477,2.7117699950048704,0.08122713916277559,2.5253785973024705,-0.27759542197307413
2440.0,16536.738449650446,9.8,3.3288150455655865,-4.641554914523236,3.307597709890488,-2.925972407491879,2.394095707878857,-1.2208065256163012,2.5119078759119744,0.5513109520691153,2.5190204425323914,2.2293220883688667,2.9633880462262874,4.012581275210031,1.9717841097359519,5.814065561394541,2.77805124136806,7.66769908117025,1.9383707804438934,9.494757253648046,2.7432180673030793,0.3699817327937739,2.5152071562954545,0.18930353271984307,2.4754763571074294,-0.07165756344969718,2.4846274334739644,-0.10078912498014547,2.609963328051063,0.44169997237848707,2.720160648374969,-0.056593021144504506,2.374570922284291,-0.7308563584510639,2.6289063885059445,-0.3465539457337402,2.743018855352736,0.08130959639043046,2.587689282237257,-0.2713107818788984
2460.0,17795.915752165354,9.3,3.367868947436056,-4.569759955705052,3.3897219683047695,-2.9139779595165143,2.428524579978678,-1.2317568906885958,2.5639982800559347,0.5703418303224969,2.589952597081877,2.230229059917252,3.000161010649029,4.0761376997609,2.0071693579821734,5.828252619410593,2.882610839202528,7.716738963341669,1.9818630161337807,9.4904997286596,2.7640088519814565,0.37346572666037814,2.5528284376907124,0.1909402765284817,2.5038380064755215,-0.06997603348411666,2.494781101595396,-0.07560457810611255,2.6319129535863404,0.45116931432202756,2.7448196459398213,-0.056973521516198056,2.407033016042811,-0.7301810891551148,2.6455801003393815,-0.3510561930939763,2.768456047704301,0.08088373796343476,2.6196181579178934,-0.2725248235846207
2480.0,15222.060470773664,9.9,3.4129434830931435,-4.603037007429991,3.4302996704072157,-2.9289652259167513,2.447132633189816,-1.2017749226831769,2.607391361996708,0.5067749452694468,2.5792841488474485,2.1554922259625817,3.0329900179410068,4.081645526250957,2.0387726690501946,5.83782680204673,2.8642983789931633,7.715132020062731,2.0345605331848162,9.499224662896683,2.7861425241643887,0.3796768873749887,2.5708013216046095,0.19461954677283652,2.526466571183027,-0.07091130196262259,2.5190740142968413,-0.07178611395653668,2.6497615713688516,0.44825851486839297,2.7621843089451743,-0.06002110835994203,2.4313789047374312,-0.7257747336634424,2.680735351942792,-0.36423023911605484,2.7965587253021567,0.08337869979549914,2.646056109970405,-0.27191978458875515
2500.0,14034.109874229442,9.4,3.424115409824006,-4.6177788126862716,3.4070669844125634,-2.925647235555588,2.439887689210118,-1.1942997371770017,2.5977847458506376,0.5682606771084473,2.6058103119132063,2.179573082475671,3.0601458061582467,4.001512945976798,2.0590961561544474,5.81907169342116,2.9470641050395323,7.750410715734486,2.005516317571746,9.55159573370535,2.8123091120716994,0.381699998584093,2.5723767636206514,0.19968517922277138,2.5366927939910395,-0.0693904458738253,2.5342887264173046,-0.07167238161110165,2.6708071256936536,0.45125861871330575,2.765732286091728,-0.06184074229381799,2.44148903571008,-0.725092871313536,2.6955663393634994,-0.37209446467363605,2.8059794275382024,0.08231625857851202,2.653316786119036,-0.2711086917475365
2520.0,13949.074870316801,9.9,3.4840303984045695,-4.61945314887111,3.430235626689194,-2.922813731179498,2.4776822330623327,-1.1839085772384894,2.665343089808208,0.5560814986826986,2.6319459725873187,2.215127195912402,3.128111283908603,3.992184636226817,2.1223539230566133,5.852798942021837,2.9290652243784097,7.743194737368673,2.034399822066553,9.582644890737315,2.8434436672570635,0.3810212501946455,2.5859070306445586,0.202061852169681,2.5517238755957132,-0.07070691913705171,2.5507546317606677,-0.0709956624439442,2.6908610903835326,0.4532951368943241,2.780623117393211,-0.06263894927344425,2.468729790674465,-0.7069901989917053,2.713906752423667,-0.37409444399541625,2.827241447898121,0.09931334154465354,2.66022991457434,-0.2708648849079755
2540.0,12135.974258342692,9.4,3.5212551484958228,-4.565234639730701,3.4584549280502115,-2.8870216720586575,2.5276472569951434,-1.188203606775914,2.6865399304993245,0.6156228216624244,2.659199680094729,2.178889815719696,3.0664896992748045,4.013243012224006,2.189428611117079,5.819917322417958,2.9945654588513935,7.738473233673507,2.142545233693863,9.492011002670157,2.8860320884061337,0.393451013142995,2.6098572513331764,0.20463695341131433,2.5934297255688894,-0.043226541376210605,2.592180804539562,-0.059827724667861217,2.724463530157879,0.46176280148605997,2.8226694571964916,-0.03517012051271971,2.5481891204026956,-0.6970521869454877,2.7457094015615664,-0.36756976757776566,2.8567000713932558,0.11767849158635339,2.726155564408706,-0.2640617977391221
2560.0,11611.17392841321,9.9,3.5355477003980815,-4.54139426003128,3.5175647235282113,-2.8605696163079086,2.6047205456250806,-1.2057176372958494,2.7378890977607404,0.6261105630073561,2.7233989083654984,2.141085871826234,3.1765381677005413,4.02313429019056,2.2772228736121316,5.839497313336199,3.059337855123836,7.718235988052757,2.1864158283236614,9.443851182387778,2.9247982829184,0.3956740003840867,2.6725542577966244,0.18095993267805854,2.6273566926459364,-0.04205769295453714,2.6293441437854264,-0.059064739164748345,2.7600063795983933,0.46686293911215887,2.866588353756521,-0.03549147900219821,2.5955363656549184,-0.7009151667802387,2.784169784861021,-0.37052062435658034,2.8896572485555807,0.11536389143178476,2.7907839335596694,-0.2638701890159759
2580.0,11003.869605457032,9.4,3.5414374991228867,-4.594433529431948,3.5334473982459356,-2.886818437823652,2.5688960976292226,-1.1729500374329516,2.764204406234376,0.5644523916804739,2.738429928907766,2.1671861915713473,3.16303557699764,3.974757884063057,2.2491284928044015,5.80000482411616,3.0678747485421463,7.6870758790905445,2.204441081601497,9.467990844625916,2.9493234563229036,0.39926101070414355,2.6978933873029414,0.181084415324039,2.6390566805227222,-0.0384729591580155,2.6557555698019053,-0.05666794644502188,2.778009540300041,0.4611833210269879,2.8836582687649837,-0.04986611721321638,2.6135886518002827,-0.6971141210323337,2.816614330362852,-0.36643018911384057,2.9105348614158495,0.11920024018136781,2.8066591901640905,-0.2629490269332083
2600.0,9762.93694472233,9.9,3.565624225835651,-4.566879950811675,3.565665877259317,-2.8700494550888473,2.5873775679434523,-1.157085422084425,2.816089632636779,0.541727200189947,2.7324210180608297,2.1852542289560417,3.199787368071836,3.9215277266236894,2.3147583926311945,5.812115276118658,3.140036143536676,7.693599689176915,2.211653288755366,9.464686073423511,2.9758164719364606,0.4011013207618216,2.7088338508559766,0.1807567475670712,2.6531647135833896,-0.038076727162953274,2.6703758806001443,-0.053410484578174,2.7929549016855435,0.4549956989062841,2.8931390376807844,-0.049961626192338904,2.6255097717578293,-0.6980310469145083,2.830739324205573,-0.3635767452086034,2.928171557759952,0.11893269950773555,2.81463766882791,-0.26234608809794613
2620.0,9161.201775490614,9.4,3.607094559052412,-4.5724610369698535,3.6023890780682897,-2.8918142066697206,2.6412681845018,-1.187401310189187,2.8399771154969713,0.5932628410369886,2.7873552137933517,2.1391602255719273,3.2465096585953575,3.9235451934237595,2.2897492284760146,5.7524321332087345,3.12534863972444,7.652325720718198,2.257265730206732,9.50076591616022,2.999524148305743,0.405370076396881,2.7353453763379547,0.18076504613326133,2.706899816012447,-0.03799758981649071,2.70098743533326,-0.042231408616956165,2.8239434058120323,0.4627219253040236,2.9387906052951314,-0.05070360946095838,2.6435630713751155,-0.6937556805064935,2.856546592155709,-0.3597461403242939,2.961625208921303,0.1189545243209901,2.8373241666391986,-0.2560937621113925
2640.0,9098.378936683865,9.9,3.698738563857482,-4.543562844524402,3.6416282122412182,-2.8361453140794435,2.650755176988068,-1.2356648812645372,2.8615050267621784,0.5971827346777394,2.892577576407717,2.1015670936483053,3.278996231926326,3.9999862552068755,2.3552213563213846,5.711103081873231,3.227165058700842,7.6412358466734345,2.345271942233466,9.42270637117034,3.0222670729819967,0.40883350577858774,2.775791215792197,0.18066857151253818,2.7186855326460755,-0.036897749203448814,2.7225084447708303,-0.03993079806945301,2.857398518938841,0.46263850091002456,2.948567318001354,-0.05074853286222012,2.666062422281202,-0.6948025722481923,2.8733709216925356,-0.3582264448986606,2.9835431854087955,0.11914440880967596,2.8548336626127773,-0.2574186469791663
2660.0,6640.655934107386,9.4,3.7300270823993835,-4.576663546529666,3.7030353638342577,-2.8514962755102466,2.7299701733118735,-1.2230892704262,2.8650084850703443,0.5280749720338925,2.887484944084405,2.132105630459953,3.3007958610041888,3.9415987706984836,2.4129374043134444,5.749255268802355,3.2406401983200936,7.612328747645951,2.3509025120384894,9.426978603997593,3.0609704618380795,0.4093164124490644,2.8202370246933377,0.18463533872624993,2.7455146034884477,-0.035330331476886155,2.739543101114649,-0.04130915849088683,2.879108022112907,0.46462313589782517,2.9709175391540987,-0.05147990930426749,2.7095671470507856,-0.6912479788892719,2.8983205377642074,-0.35992695991826734,3.021766464851899,0.13618914381630137,2.8843593108030396,-0.23948801747378945
2680.0,5761.932906634465,9.9,3.7605227469108806,-4.536345279004228,3.7184188953108532,-2.8526278808336145,2.7272607538933014,-1.1517974310135406,2.9032088517707937,0.5322560273063365,2.901593683371676,2.1367054368598035,3.341016536433571,3.866997125026707,2.4022644320932325,5.7699261118090615,3.2424698939303935,7.683302692029197,2.3532467419720526,9.475308787151826,3.092392422340349,0.41093375617459166,2.8357298136447233,0.1786209616925439,2.7783618944645667,-0.035474368920131116,2.7567126448915813,-0.040947849141010836,2.8886270417454196,0.4634685268135897,3.0274232673040147,-0.05535219201769731,2.736413542012672,-0.6900979618917649,2.927430607436027,-0.3588560832967348,3.0412527718981037,0.13517371244321322,2.9107648266179753,-0.23868080250753715
2700.0,6638.669443250896,9.4,3.7664416348448357,-4.577543448997828,3.722585130583316,-2.851657536731819,2.722172043526421,-1.1499413346269702,2.961933312196139,0.5166305720371097,2.920447153555682,2.0831452797860472,3.414013445385046,3.8678926582608737,2.60426248466161,5.719982508023025,3.338354790114164,7.694664565793866,2.395973536681024,9.50838017885967,3.1360157525364882,0.4112347763088463,2.8544730225318697,0.16807348438114206,2.829278534154961,-0.053722801888891426,2.788784384819213,-0.04307629361568832,2.9452083354810608,0.46466950085414194,3.0545929591744874,-0.05789722711885492,2.756227864392369,-0.6901342748660396,2.965768981853737,-0.3704336263803027,3.074547709827146,0.12704399371712422,2.92957539697904,-0.24031269081484702
2720.0,6937.050873169751,9.9,3.7807624049317745,-4.57404371026159,3.7476491810310186,-2.849677304280182,2.774398419711808,-1.1615691301440623,3.0125433285607652,0.5825202552880728,2.9306345096010493,2.079397231955415,3.4501866043829965,3.89674338217323,2.594243711684764,5.702289453781561,3.370766028260509,7.634636094279083,2.468441620013473,9.440683975229401,3.1482428632552004,0.4133475534924805,2.86825540854617,0.16948807639711397,2.838148198949282,-0.053573531102131276,2.798802538570314,-0.03939930773528796,2.955501834784827,0.466961728665113,3.078149780601912,-0.05916888439973984,2.77419694409512,-0.6878965534115228,2.9735041175555454,-0.36723997310349493,3.0911480626685544,0.12560479430556465,2.9412212791802146,-0.23402965462526434
2740.0,8063.514250900672,9.4,3.823829483777704,-4.549598279181237,3.792401598576056,-2.853385414558971,2.8035589691716707,-1.2056387646289204,3.0181168414718496,0.610639359537371,3.0590279375240135,2.137285869698308,3.4891137464535404,3.900929538722603,2.601257745086072,5.754342044415512,3.3920993002505093,7.63742337946961,2.4969053413362334,9.472091960792175,3.195905265380655,0.4127403081813494,2.9391585626330627,0.1723724902644616,2.886053487155506,-0.05376944529960805,2.8542109658169634,-0.03819147737083735,3.012163508400751,0.46903739740333455,3.113857819759117,-0.05811140325756535,2.8333341030818726,-0.6897108786459385,3.025504570527285,-0.36681523960536955,3.1440372768593337,0.12111891774783456,2.9979787097093746,-0.23455657088887208
2760.0,7839.353664379024,9.9,3.842562784307013,-4.575912180142213,3.8270245648469476,-2.8299693147153784,2.828351939862248,-1.2065785734773709,3.0337334920487664,0.5103895829358605,3.0221121468131784,2.135566718202681,3.514893459373949,3.934713060102537,2.609239478102128,5.763743858679308,3.4199999258802634,7.691903798268963,2.5355597777289467,9.435789354421996,3.2191121999770664,0.4129891731615835,2.9670476712043996,0.17257711497903855,2.9291615051582633,-0.05438542868312026,2.865711781482568,-0.03829741189080345,3.022705823326029,0.46625321463747244,3.15524876967493,-0.06191999853106904,2.8532069739575077,-0.68773625440831,3.0357034889630325,-0.36669852842661455,3.180099713044121,0.11934977060567187,3.0100249670813057,-0.2362102864556206
2780.0,9079.631326426173,9.4,3.8826073114599864,-4.567679452901336,3.8763962916333226,-2.8557279961314563,2.879722185501637,-1.1568897288643811,3.106112723834157,0.4912989347198172,3.0977431154651605,2.1911654248355315,3.5574445173460143,3.884499864736033,2.7161483155858894,5.765039741007311,3.4717115738993685,7.690055745250705,2.5343725946784303,9.494385438309902,3.2498295475633405,0.4202386884720964,2.9806789571028522,0.1714823769110933,2.948118352156304,-0.04596468694063991,2.8896622620144745,-0.03027744768255969,3.0729042980989436,0.477321138782861,3.1724384090387834,-0.06135544120398445,2.8761240191592217,-0.688286004464991,3.0738694640370223,-0.3636011844944453,3.2181478424262884,0.11867371711685651,3.030637904774331,-0.23513006845219725
2800.0,9753.882015892537,9.9,3.9255531202671348,-4.554544060040298,3.903881130629533,-2.876714493930584,2.952531594597933,-1.1635522901196331,3.152284455259678,0.5643888893201305,3.1734922432324835,2.174566829758041,3.6116875788616944,3.912340714530765,2.681630716406642,5.7399508804118256,3.456346121438807,7.639091905222446,2.559116253011191,9.496874239300848,3.2847695400142642,0.4214493501418023,3.031071928749185,0.16391348029270283,3.010322036012311,-0.04663293486753077,2.927711155754609,-0.026768114472451178,3.125825871523548,0.4716061045930595,3.237567448043317,-0.05581687302479631,2.9347167843680593,-0.6884679032329994,3.1161231989738654,-0.36968528914473003,3.27580643926271,0.11234944783327469,3.0880354262954244,-0.2291695733841086
2820.0,9356.967675743124,9.4,4.000870043169311,-4.515657759167466,3.997519756480435,-2.8392973257391416,2.992639616173361,-1.2172352954900454,3.160695941312171,0.5811723920597565,3.2340067649768245,2.187627699481644,3.6529317727087216,4.0087048439555115,2.765721126511668,5.7631416525419965,3.620653361220657,7.6426656417171275,2.6623992126307443,9.379559350086895,3.298816333646351,0.4259318649259187,3.08790823670037,0.16346984203882153,3.051043016636606,-0.03907822152245481,2.966425965880659,-0.023439189025060304,3.1519263430182116,0.47615487266841816,3.296690232257636,-0.05124922034810877,2.9727061987072885,-0.6904828176613756,3.1456209757784954,-0.36776745038543124,3.3112177416166646,0.10869817972879048,3.1138167493066815,-0.22915554376959196
2840.0,9820.095480731117,9.9,4.046624339298107,-4.561501401543414,4.027487639908982,-2.8351473186918925,3.032064704568558,-1.200536996297751,3.236212146490712,0.5271095477321406,3.253832081542248,2.1613291624593587,3.661914327098823,3.9903650536219573,2.7835921785342337,5.8007462705016195,3.6393357715360617,7.631515690493201,2.6731636748086274,9.439350155304357,3.3405360754199562,0.43344342189278934,3.114386130801953,0.16346067617655233,3.07029471909598,-0.03277279222018188,2.986000717551466,-0.018420491133964146,3.1787904255868336,0.48306932190538615,3.3121164955773628,-0.04792502287193119,2.9994825532425637,-0.6886185932167221,3.180721614576717,-0.3650846615744613,3.3281735554214165,0.10828870726895623,3.1515920594353237,-0.22492168138083976
2860.0,10053.577706009748,9.4,4.077262938386445,-4.526103291935257,4.040039711676873,-2.8309741328145086,3.0368322032090806,-1.1462341101385038,3.2363290355339642,0.5813594249413431,3.2476124235681163,2.2070530757631457,3.718378619469834,3.910192810031379,2.836909388193342,5.795452564773314,3.6885635701250576,7.693395874754633,2.750508651481297,9.49073262192592,3.3478247807380876,0.4512978138533151,3.1351823245993176,0.16334743606595048,3.085925512055154,-0.01520217126389527,3.011220139652821,-0.019426345035543933,3.1965728545724135,0.5013887815482166,3.3269503626399306,-0.05012840265016747,3.0148271104102866,-0.6881597598714401,3.218146882190753,-0.3647199040857817,3.3423842322679556,0.10863186324602728,3.1670069199837636,-0.22705080429050514
2880.0,10465.858818130033,9.9,4.115722324505021,-4.508790358397332,4.069730891429274,-2.848682882651414,3.0549061183665662,-1.132283082313997,3.306013391471488,0.5638385983767263,3.297160678307788,2.168187688563557,3.7936360593037977,3.8735089707339108,2.915271704008951,5.757694767920962,3.7309023871204587,7.665804109573871,2.755687506904604,9.46629679044857,3.3774672845139597,0.45217965335779586,3.167563467227549,0.1630395807126773,3.109289323487702,-0.009903798012618203,3.028156999391456,-0.011945814724264491,3.222676531028958,0.5028385074019963,3.3487544002605274,-0.042680778518472164,3.042705511197847,-0.688588371491557,3.235168116928648,-0.3596827263839306,3.3616640200365766,0.10304054416078257,3.191727476127072,-0.22522945988163023
2900.0,9433.705274140808,9.4,4.121896945675539,-4.49155130969812,4.079311453429093,-2.816505954750647,3.07502929735264,-1.135404354875773,3.3274265200573,0.5775417227874451,3.2991826976046186,2.1619103972273406,3.7777196866138625,3.9343162131592697,2.942661408078269,5.708201995825232,3.72314544115374,7.624371019813976,2.8221035486129162,9.426851997044293,3.3983900284199384,0.4543604430739774,3.192194830971628,0.16465216623068282,3.125167672749776,-0.008715477236252944,3.050752155658381,-0.008009956929015872,3.2491378705492444,0.5072037256280082,3.360791337383528,-0.04047208595337799,3.079345456245808,-0.6873506735454994,3.2626000596551537,-0.3567872409815627,3.376605871271708,0.10255768046540062,3.221184525786259,-0.2187478782557919
2920.0,9929.0664938961,9.9,4.162703727460467,-4.472505669567122,4.16748637430114,-2.779967021266594,3.1148581332045024,-1.2044815199275967,3.357384616806222,0.5919936562573692,3.4106071785130125,2.159522886464898,3.894755401522132,3.965032077496217,3.0241347740422415,5.695485513677537,3.746217435260276,7.601645203403966,2.842122996274777,9.400179036252222,3.421459965858007,0.4471909213483456,3.2465020436218017,0.16575174136002818,3.163625839198185,-0.009674548024345198,3.076222315977931,-0.011073734879489016,3.299434545221981,0.5083948678295671,3.375528940602154,-0.03952675118519926,3.1188982521311983,-0.6869755698624944,3.2853427870664786,-0.3645511709399902,3.4160588476648024,0.09070947287545485,3.2612504745133344,-0.22179769010476552
2940.0,10063.850589646312,9.5,4.1844005515366565,-4.494200078022698,4.19508218344609,-2.7885910255036146,3.1400666152029033,-1.186886361358349,3.331000321704635,0.4919291631448705,3.3812202032533967,2.127163656999263,3.9072350620531395,3.9329058434243884,3.000562384209762,5.722227266217535,3.7850962979955733,7.630924020843994,2.8467642262960844,9.411546359234887,3.442628160590176,0.4291063492490677,3.2828505224727715,0.14646454112284177,3.2028198701466595,-0.002698423674545136,3.1041164133743204,-0.011296806219311928,3.312349926753213,0.5112170888481252,3.40978653009548,-0.043840899201474645,3.1488608385787575,-0.6880263709445504,3.3142499562439647,-0.3658265713443557,3.4349729781175498,0.0866219893170843,3.2947681731385465,-0.2256276365664979
2960.0,10990.635356499082,10.0,4.245200212534597,-4.470230022409682,4.237254505151795,-2.792416003035749,3.173327751911205,-1.1349187907757394,3.4036708016775408,0.5019242989683791,3.3861092726427002,2.172843630705352,3.8882541230889047,3.8701293717170637,2.9965544722639086,5.739370744381895,3.826933519588522,7.629388292012247,2.8640658978425018,9.43865424727137,3.4570702222009224,0.42882682014063833,3.3080437917912158,0.14945334642913283,3.2158009207862044,-0.003362581398673603,3.1128048833600435,-0.01088619287814282,3.3302585605849515,0.510206519287492,3.4381080583445267,-0.04905929181442763,3.1715115706152295,-0.6882649884401688,3.3278215397961133,-0.36020283615744714,3.466555895729767,0.08439333145892697,3.3333904218937755,-0.23064342789582634
2980.0,10271.963679757948,9.4,4.2583270067396946,-4.5011714724238825,4.246389339182346,-2.7972756827733614,3.2328140717619775,-1.096336506471604,3.399204944085015,0.5554780928054854,3.365062886037996,2.149494422711703,3.896660866683617,3.8516589002325183,3.0532957002280403,5.758221401653225,3.8437737249069586,7.565751696229505,2.9360475196056233,9.41932703624193,3.516958231880487,0.41890623145388456,3.3424596939366764,0.14776315687413807,3.267041707978909,0.008086559722931708,3.1787876562734994,-0.019811290512413603,3.372953596344986,0.5124169795501659,3.490423291425113,-0.029009876302726202,3.233006777590944,-0.6853865350507313,3.388122662182352,-0.36815172025330273,3.4786630458587893,0.0756877623863063,3.398738549799481,-0.22427841095834725
3000.0,9613.392741191714,9.9,4.309997454672542,-4.502651611963591,4.2508249356458645,-2.7947410668818806,3.2658306975086875,-1.1304384989618574,3.451814551883296,0.6062907220611806,3.4636134161734673,2.150167927598045,3.932292261442666,3.8999830485083833,3.0816429907193794,5.751981783063013,3.9375250753165476,7.518999896195119,3.0129047735183763,9.301993046591956,3.529148915915715,0.4161496683262197,3.362285039187538,0.16609597229161052,3.2844458974473874,0.009134906525519338,3.1889481627332725,-0.01890813092921183,3.4119512331556363,0.5139923892681801,3.5141568397399148,-0.025924751616202096,3.251455164231671,-0.6880457078753822,3.39560714785677,-0.366036619037233,3.520114893595437,0.07638364319186923,3.408314048917243,-0.22569839475321932
3020.0,8564.374001560209,9.5,4.34408141938288,-4.450073512866689,4.31842027843659,-2.80560344314728,3.2867651123855404,-1.1212617470201844,3.4708925416212617,0.55090838423282,3.4995992928387,2.112462029596357,3.9572782037249867,3.9193208657251235,3.099591958200064,5.657909493763538,3.9428820152300568,7.503224332782063,2.988293483464768,9.31989659528501,3.5632621593118783,0.41329942997060315,3.391942654275824,0.16628374771577642,3.311884034087979,0.028166625033459826,3.2195179431064185,-0.019016944759091547,3.436435485542384,0.5113701232433867,3.529929144895239,-0.008538168970088505,3.2981764394884734,-0.688688859504243,3.430283942960956,-0.3645859715616464,3.557000187458404,0.0880525659074874,3.4448249924038494,-0.22729518764676362
3040.0,7937.339046268715,10.0,4.347939474176286,-4.541255393117305,4.281392562893292,-2.8157417192926792,3.3198171060982475,-1.0795716104958384,3.5154711877174343,0.5620614133550825,3.484105966332435,2.1455053059743894,3.9711492005587745,3.87337367566544,3.0716205771405294,5.677501807409452,3.931957797671233,7.549379322017574,3.008215615408872,9.361700812593124,3.567461508358241,0.41352149265322036,3.400009722555582,0.1811570321590042,3.3218463206603994,0.03092036652283676,3.2257898857986236,-0.01764164723860253,3.448872824943377,0.5055064264578155,3.544923599520613,-0.007765709956605427,3.3119041536017875,-0.6879895129434717,3.45207258594057,-0.35956848493227395,3.5699145158311714,0.08986307672371877,3.455667866229475,-0.22616454734560407
3060.0,8013.256385245697,9.5,4.377405104192884,-4.524597451690898,4.369961239924987,-2.8324662908626856,3.342072999179579,-1.156411593374595,3.5622344712246012,0.5508484973699084,3.5627897756702587,2.232692532846203,4.045543213816867,3.860419604251071,3.1264901027186967,5.7029076614603476,3.982168259367375,7.528306292008949,3.0423004945560908,9.337696776545487,3.605817528743046,0.4086201704607221,3.423518967836931,0.1815717231609131,3.3662989026894516,0.031151457953245188,3.2688266066293323,-0.02081086987797976,3.5038657810518785,0.5066357599489975,3.5714252601977905,-0.004240819947386554,3.343820363867794,-0.6879125213385627,3.4891279733150484,-0.36722021902070323,3.6083998712034964,0.08156453678878768,3.481911635605455,-0.224247137440919
3080.0,8438.232714588446,10.0,4.393856911828967,-4.535418737288273,4.361761226233743,-2.852403968592513,3.385798389253072,-1.1918462332058417,3.5481746581523113,0.5966305064127954,3.5863839193818747,2.213847640282774,4.090927694260852,3.925670848795445,3.1867617512379414,5.7194520540352745,4.014263788917557,7.51050210932946,3.1691075901541637,9.266461254484046,3.635163923379723,0.40985190817468686,3.4551299504182724,0.18161498066013448,3.4248222362603835,0.030629415104287495,3.313118320445671,-0.021111110017923852,3.5378184844856273,0.5088926990510536,3.6256227928517695,-0.0024230741535687605,3.4116497472711664,-0.6863205037435394,3.5282058640127096,-0.3688090055825311,3.653199298920647,0.0829396805459099,3.5484065769575666,-0.2208142253898057
3100.0,9608.78193453734,9.5,4.438540484790908,-4.552512409414671,4.4409265176620725,-2.834381583407118,3.428760743338748,-1.1693479163186047,3.6044963901672724,0.6403943765495466,3.6318988652886532,2.1455615345141745,4.1264210140845945,3.972289828075592,3.2482061165873963,5.703858216847068,4.0695328818460705,7.539529880879653,3.210372168677305,9.303814023996626,3.6666301760378497,0.4029630694501556,3.4969864292850845,0.1841248733702498,3.4626535408040895,0.030353754809109346,3.340814610178634,-0.02666945908598854,3.5684733185272526,0.5090576156532286,3.646171978732037,0.001309646636434203,3.4365089733278458,-0.6876380173063967,3.5535884990902433,-0.37874128111995203,3.6723275266946858,0.08572644660175041,3.567946252711109,-0.21354891199422488
3120.0,9786.978051652748,10.0,4.467342748814579,-4.570352342782127,4.433613971025197,-2.8193301103889015,3.421427633655192,-1.094965869982667,3.6369096917696284,0.5666546275802213,3.631241732813013,2.1416755799454394,4.137211726851525,3.9069163098596333,3.249961042042309,5.653703509433058,4.087797673647598,7.534479350488911,3.2116746322680627,9.32217317810065,3.676377115418032,0.40337981279326823,3.5184294202616107,0.18323105122721864,3.4802566316288592,0.03162742923622534,3.3685961575925054,-0.024653345163222967,3.589446525157521,0.5067103024879529,3.653942204317431,-0.0010513581814514338,3.4581678845362545,-0.6879020447745732,3.5724934359215497,-0.37625892055800436,3.6856896363761456,0.08725795200174308,3.577592351843369,-0.2138068296909454
3140.0,11097.168787169723,9.5,4.469447393986915,-4.553755277130405,4.4517849589485134,-2.8156892668781053,3.4582633523886814,-1.0976302543015106,3.6877583996915666,0.5551370726416949,3.6522150570710763,2.199937560354324,4.175594867077281,3.8243955561293115,3.3302448024821047,5.690186559233896,4.155469370013442,7.500688938966375,3.2039875240195137,9.319393639883703,3.694084066744261,0.40136345800110773,3.5315210199221356,0.18974136246908457,3.506613873106962,0.03011619408729328,3.388796194894571,-0.023419850556457206,3.6320896224273915,0.507102617548918,3.670826392323369,0.0007591125711201352,3.4851058659380016,-0.6881778448804251,3.597588979095298,-0.3863153360997209,3.723010125729143,0.08997430662014093,3.597925203050015,-0.21582107589863425
3160.0,9670.977936225747,10.0,4.5368643424362265,-4.512225663842627,4.516562678094699,-2.827175491983219,3.487813314628402,-1.1288622837862687,3.6683652930368873,0.63405346620216,3.6552984111588898,2.208831532520434,4.2340729054914235,3.818838745544833,3.393076252575798,5.699142202749938,4.14200693147401,7.468717019618066,3.249262229913929,9.299401357337766,3.720925434912907,0.4056222001064712,3.5513007828139704,0.19251864211798653,3.541393578082772,0.029773527681881507,3.4333928877941586,-0.015171047837404177,3.659413696684343,0.5146549875722629,3.6955643659043815,-0.0002185442563236939,3.5239033458460574,-0.6860430056783511,3.642681489851816,-0.38347057455082595,3.7392593218689996,0.09049532871813185,3.6419616749863257,-0.21251266799182106
3180.0,8510.841057838265,9.5,4.577898677679234,-4.513593661733276,4.533980029054139,-2.8404692315114746,3.5220479745212145,-1.1813228072498392,3.6862921927371075,0.657165999288106,3.697844690782243,2.1951989516118493,4.227326836131637,3.9106889662039444,3.4301259323834885,5.701381984637575,4.257309265914261,7.549150997296219,3.3073965078151355,9.314353972057578,3.7244386823469213,0.3971681370106896,3.5636214047658408,0.19323585373912383,3.553435060796077,0.0314426267053363,3.4536108660516915,-0.01529628440880439,3.67248139378504,0.5169413158754868,3.7107460934840795,0.00014678816331294974,3.538852940493178,-0.6853755141012374,3.659554739284201,-0.38661242693511083,3.750374202140873,0.08803776000705782,3.6546003545742622,-0.21346233775334494
3200.0,8087.864769521266,10.0,4.547938629415788,-4.549170804511026,4.559579581630603,-2.837459956562437,3.5808050822059756,-1.141426619229584,3.7418335187839,0.6090293366854967,3.731717017439748,2.1667912811359296,4.249018486746014,3.940364510927934,3.470916238657108,5.702984798493573,4.243896710629118,7.522764411355221,3.3434409229644677,9.3020808823893,3.7825910900899657,0.40914518683321466,3.6118898724743964,0.19600658562710216,3.5939495837655953,0.03767537632044238,3.511159259230456,0.0008671720844547481,3.711050039254606,0.520856174635713,3.7295098167504483,0.008168934925305394,3.5683580470657845,-0.6821894708686597,3.7179565160793144,-0.3692951891175119,3.7984913090341954,0.09555822543728092,3.6874700807847054,-0.20317409458785002
3220.0,8509.681596503016,9.5,4.576075904378434,-4.566842767835909,4.546212001391733,-2.8717253439786443,3.636138754477976,-1.1206839877245347,3.7763802547836,0.5827370449331747,3.7629465999395832,2.199866879625704,4.292116149201495,3.903740531708428,3.459486338923629,5.7204261768248585,4.27980418078692,7.5223822025767735,3.3290298730781296,9.313126972625039,3.790001765256142,0.4130375390815281,3.63490936311707,0.19434017752956284,3.6182237547205824,0.03995847738307814,3.534770666400153,0.006966536061751749,3.7277267431907206,0.5231166562138226,3.748068218049376,0.00956136730049375,3.5937257474088193,-0.6873793373211684,3.7514375910142492,-0.3615360492092929,3.8204709245166755,0.09500650962338594,3.7079882989570265,-0.19960181749691425
3240.0,8564.802179077595,10.0,4.637006890781348,-4.576036311623708,4.5679288767703685,-2.9024237574635188,3.687956333651189,-1.084975892742452,3.843190962631387,0.5893772590158346,3.8400548096769924,2.2882673413632526,4.323918890462346,3.878540537424384,3.4444625991700972,5.743829899448425,4.333673553248616,7.471611640355151,3.3481339472275047,9.303337911078263,3.8142809810735185,0.4259493446056183,3.7014995060403515,0.2050159113576791,3.66391729897689,0.04300756636432031,3.576123892600749,0.02198513781166313,3.7781831908593326,0.5327301420778048,3.7996624936575643,0.013635809120911719,3.622361919402187,-0.6789618319485953,3.7988618229932447,-0.3404985716934926,3.8792553918679276,0.09297151307253607,3.7489812946106413,-0.19132372785676596
3260.0,9241.513737877245,9.5,4.686496295375174,-4.515552998210949,4.595645759703803,-2.8502660782696845,3.698216110998623,-1.1042263931834664,3.863380064101797,0.7123151833503639,3.8420691451105236,2.2908017113566106,4.410901541725781,3.9582569861347325,3.5322662822583424,5.751927656017956,4.366110881665714,7.444360162538411,3.4678638118468763,9.203682590426748,3.8414508844622097,0.43968085084791336,3.736971905600208,0.21099832777904676,3.7053083736742507,0.0450817603761484,3.612151146500783,0.037192903584495444,3.805132670239602,0.5579880423758896,3.8400962588121503,0.027842019157339092,3.6819430697469167,-0.6638286441245291,3.83869890545173,-0.33038110266614107,3.917574001404784,0.09401837014468281,3.7967702567412287,-0.17478162016436677
3280.0,11078.085099703063,10.0,4.760678692773206,-4.491645156738815,4.713568788582785,-2.856682326712949,3.734059441733014,-1.1314436443124498,3.924716248093385,0.7010550328613288,3.9548850257401442,2.245317085980122,4.4701220017861765,4.001951377600612,3.593810934248121,5.733620786373475,4.454381881019097,7.438947958062744,3.522173994499359,9.219950419733191,3.882618934378649,0.4389019187025503,3.775184531119085,0.2112079526053657,3.765172150029904,0.04789935051327408,3.6489969436023175,0.03987326813454221,3.855927735712497,0.5576065096733107,3.8561172833505446,0.03278730070099799,3.7223708259699264,-0.6609521243696764,3.8852034650198375,-0.3276701138191135,3.9451842728321034,0.09476142545297464,3.818770848717268,-0.1748588366939839
3300.0,11781.00860012131,9.5,4.769739877466623,-4.513641713635668,4.742357440125194,-2.816811375628202,3.7935540665545893,-1.078530691733158,3.947519814548072,0.5665134999360252,3.975256994679224,2.2340948285823807,4.515556981202299,4.031630590393352,3.593017511692369,5.740778024309728,4.471912699108269,7.463073524820271,3.550025059157631,9.23608750278424,3.9302376543967084,0.4520601564835669,3.79969161247461,0.21196440511103837,3.7880263521202915,0.07207399009279784,3.6780501077521435,0.07571704545915503,3.8764219283980266,0.568947945284686,3.8813914821348092,0.05278467957270393,3.7406749680770766,-0.6458219151986053,3.9112226795374263,-0.2916325347390664,3.9901140484873467,0.09434233912191822,3.8490981336585897,-0.1520816062561118
3320.0,11067.655392626019,10.0,4.796226752989661,-4.526234410968682,4.774210823798292,-2.8290757262386217,3.8033953592694054,-1.0643720090671625,4.015618553488044,0.569559148087391,4.133829567439018,2.3087342250625023,4.572412255182719,3.993659953300697,3.605873977083592,5.821811507031934,4.518101352654048,7.449539409586909,3.564813784857222,9.277125662331608,3.9699902262209896,0.4551641150860041,3.8460014521059165,0.21273129831846874,3.8470780809883403,0.07183152351851882,3.713996686535796,0.08503243551602932,3.9239430126802426,0.5740008127765519,3.9255926144651268,0.05519483958506412,3.781459655834581,-0.6345726316966256,3.9646430674548236,-0.28784730302607164,4.058668112544491,0.09501044957512332,3.8884948682720264,-0.14706762938116102
3340.0,11123.025248595719,9.5,4.890871390147215,-4.482213010146247,4.8378227525786075,-2.7891276022157045,3.8547710058978444,-1.0728022811795006,4.116950511411731,0.6540705149125966,4.1288376387009045,2.297521011004794,4.59420490068692,3.9917956374578147,3.674587927779443,5.799830264021021,4.5302772109021685,7.420867256126503,3.6222632742082674,9.279608653577522,4.022705560063091,0.45603963260089253,3.8882620486517196,0.21408781499090593,3.917911939287245,0.07633851482370521,3.741258862449611,0.08728923229648597,3.9848445959117997,0.570210517189747,3.9789262553145575,0.0585214791990625,3.8228227287497427,-0.6315835502978282,3.998119712063473,-0.28585229316635646,4.0972469412437835,0.09518280296085449,3.936597508231145,-0.14505404180045187
3360.0,10992.04958950597,10.0,4.913038486984261,-4.435265096283151,4.888047451500145,-2.761579539775342,3.9594979055596093,-1.0483904756306548,4.151830945027462,0.6895397228049851,4.120371966508407,2.2452712199865585,4.669065211665707,4.05157660064507,3.7948791690194184,5.829843045446874,4.62987253896657,7.526183853720191,3.6680044335824618,9.30223200633002,4.033794864387737,0.4661934062075249,3.9261628464588427,0.2244624006436625,3.9513640178987566,0.07733215595748541,3.764022341732786,0.09651759915398535,4.015878128077632,0.5828085992591168,4.020981305160718,0.06121659561064487,3.871251169154634,-0.6200451787268648,4.027541459227515,-0.2805758045048152,4.1312338927345165,0.09528345138490442,3.972082055481264,-0.13512828046895514
3380.0,11712.212912355973,9.5,4.956222371881684,-4.461703206582439,4.943595517072253,-2.8120741951625168,4.00899030103683,-1.0366279920501225,4.216597056574756,0.6396234028128205,4.211561676956174,2.2806957239751187,4.702997731841741,4.057742237445657,3.814570227808633,5.8480337660703,4.653863561723403,7.530816619291485,3.69176135857033,9.311615762688316,4.102885583277013,0.4671236970611675,4.000290688181102,0.22808285733314784,4.017080067248513,0.08009921334118775,3.812476176931507,0.1020557931549658,4.051678243463112,0.5881371905734266,4.1034631315527825,0.0668142091995054,3.9404307039900934,-0.6169315676910907,4.075213211873479,-0.2789576220235955,4.20142978453149,0.0890004772483525,4.077366350793534,-0.13566532636097248
3400.0,12521.764836016451,10.0,4.9894991009449,-4.529890964443529,4.929414299332022,-2.7928679698425904,4.082182318007366,-1.0268399288680679,4.259230894510036,0.6308791308043304,4.242781593079866,2.308852527534389,4.7580078280215305,4.045763483227221,3.8574228673910156,5.872697691721669,4.7085898012035745,7.595996893718102,3.7455505746011424,9.399584426536993,4.1337033261610605,0.4712522858248083,4.032183405125869,0.2430471885872759,4.068846615147389,0.0747932840430005,3.8418957247195658,0.10754318984971319,4.083485048228441,0.6000071350943881,4.134381941627147,0.059442548734514135,3.9816167450281084,-0.6107577411526502,4.100275030665552,-0.2552040268600746,4.25545700730422,0.0876401808734039,4.1014819607158,-0.13554062932975688
3420.0,16159.569161166302,9.5,5.106920259892687,-4.4584296806694725,5.045277388838255,-2.8154175968843953,4.111085136807917,-1.0999313436668967,4.3154721107403535,0.6276262703894935,4.331580475402819,2.3310713757875634,4.833797265953737,4.0206655040434365,3.9066143597430774,5.865023480351347,4.763839191292045,7.571649238963666,3.7448565162237104,9.379717649028988,4.162144040035605,0.4720120047891269,4.055727507230693,0.24510806687576459,4.119971126724266,0.07240859467957732,3.880903114162062,0.114377164849136,4.13213945698056,0.60230971175272,4.154836254696188,0.05639276176523025,4.016372091001061,-0.6054048981505857,4.1574116303963615,-0.26614785827538945,4.316184970322377,0.08533537771003415,4.1192788173558395,-0.13210374206179365
3440.0,16562.33025963605,10.0,5.145159315944829,-4.452283830250329,5.1181423051993855,-2.8066686138231436,4.128777584182663,-1.091230723212698,4.3273857735115255,0.6903219274933642,4.34836701878788,2.2873510553628704,4.860640836063644,4.052994368367876,3.945499134735978,5.857200792668138,4.8062965006774565,7.535702486823647,3.874924039477425,9.316602873822724,4.188483268731537,0.4785221542313603,4.113603775073424,0.25452881555696877,4.17107332907715,0.07492066587359021,3.9283122864140454,0.12176429907826916,4.186815032125386,0.6081389344917111,4.223728881895491,0.06599489811735915,4.08070107590698,-0.5991036535414871,4.2009183800456125,-0.2597399114332773,4.3616877709205655,0.08674798838798456,4.191968889721275,-0.11829253179290125
3460.0,18278.00174802616,9.5,5.248299157200496,-4.473636713211574,5.189717899078303,-2.8154839468758057,4.229641902028265,-1.0645420222602116,4.402822808300499,0.6977505628974544,4.445693636762624,2.291952292366315,4.904307457568825,4.085683144861436,4.010995188716942,5.839050346976167,4.859241651732795,7.5688977188875,3.885118966755976,9.311234971667481,4.204173284035437,0.47895543192967194,4.208177151087413,0.26155390647551735,4.193240846869798,0.07569003245366088,3.9579875292385402,0.14206517615148898,4.216501058152746,0.6211326953188671,4.278976876585794,0.08018078499964977,4.120252091167194,-0.5973421225424983,4.244260763813267,-0.24810762791090318,4.393794558299186,0.0854371579879961,4.260209102624946,-0.11752877497990963
3480.0,16334.988842873494,10.0,5.2570727052123,-4.483388735704435,5.204475668041373,-2.7876339254880507,4.258675180165071,-1.0217710321481217,4.472969325118384,0.6655259224706953,4.460016886564547,2.3093377028952937,4.960975479886416,4.070251238427952,4.0394893078337315,5.881447426641704,4.893180714140915,7.554308221204332,3.9310135592982354,9.33969336204419,4.266673069702887,0.4782154507496735,4.24707990100785,0.26545036102572445,4.2592313102501915,0.08128871835584535,3.997769010040334,0.14680247659081347,4.260430685805956,0.622254167633266,4.3483008727483945,0.085355960927933,4.156680960648274,-0.5911419517020409,4.279844980173747,-0.24722704601688444,4.433352722478508,0.08656314155270498,4.320806824093307,-0.1152506045555389
3500.0,14999.288035422109,9.5,5.340842085556641,-4.4058195622100955,5.256171145933124,-2.7461633890152894,4.3117325789396945,-1.0491074577017208,4.518527113990038,0.6709597828527027,4.5269675139407095,2.3077800921545526,5.041340024660897,4.035724949643791,4.1329562870998435,5.944727930059037,4.980989460883379,7.533904480609233,3.9478324794834863,9.393626769044221,4.30518881293226,0.476208584111359,4.26888753732878,0.28497359029311065,4.309681777292576,0.07976499605940852,4.033866845578352,0.14616208042897175,4.301843923741414,0.6248809808198067,4.383286010656581,0.08694410694088865,4.222515975061304,-0.590048071566033,4.3001615436681835,-0.25306968563805166,4.502803961767799,0.07652342350331594,4.3646636325206,-0.11382273831041763
3520.0,11972.994842271088,10.0,5.419687857838899,-4.428778231362317,5.314215924616175,-2.7400780086040175,4.348782367881135,-1.056197669832109,4.602826491490393,0.6664824794999193,4.545509411461901,2.2962676363013097,5.050533468165485,3.9884174599692095,4.142620872473836,5.865989521953337,4.960961594839071,7.549279595831902,4.018233910512434,9.353497548941814,4.3581557565045985,0.4812397308466713,4.348984376755387,0.2861947668681408,4.372664151332253,0.08789784294058724,4.072619025817627,0.15475593581115218,4.321596663934394,0.628207141022601,4.4499589389939755,0.09721568224098695,4.291936561257321,-0.5815450602012724,4.332634412306267,-0.24269038837250792,4.534005436557409,0.08413844822228925,4.405974589103362,-0.10360919645822504
3540.0,10073.907809558743,9.5,5.440344479750216,-4.39469640596009,5.371479817092473,-2.7574506285527454,4.379899666752031,-1.053783065302704,4.6532202713687925,0.6684664637729256,4.629444713982812,2.2633662324628503,5.138205928865817,4.026863807038495,4.207330379062842,5.819910855231854,5.0588861649018195,7.599555524165138,4.107672677599917,9.369385351898126,4.387918559029197,0.4953435666866569,4.377703001607468,0.2845776595623713,4.416328272671942,0.09993554402060915,4.107780990654787,0.1560180787151329,4.350038883570059,0.6394455030977629,4.482844258699214,0.10096617240964936,4.326946863222261,-0.5835976298611,4.382295825053481,-0.24135265965504615,4.5844906978243065,0.07587816245691728,4.437689692109403,-0.10387638653546269
3560.0,10441.732379595935,10.0,5.507896205578534,-4.402697134602574,5.439330229619104,-2.7384434898734797,4.449704588306068,-1.009550032948627,4.7368389230813905,0.6166868030593988,4.71656951494167,2.2244594029164153,5.18168742266434,4.016796236846592,4.227941368267915,5.82366427859188,5.075450799235796,7.568102125110667,4.100752638809092,9.34525010433252,4.444651403135101,0.5087800504091637,4.4973218652368105,0.28729431128045535,4.454356646155533,0.11025171266439057,4.150946279034183,0.16689195314527489,4.400551442623566,0.6504470084918881,4.561259495212406,0.10899096683430351,4.411804181668294,-0.5700638276533839,4.440723995446385,-0.2249696105366575,4.654197823784544,0.08963208425763795,4.528821579357421,-0.10402797088741636
3580.0,14228.888972800307,9.5,5.544138039630508,-4.428630557079643,5.442526050447134,-2.7523475080218534,4.517663388579534,-1.000950060440935,4.779590622897908,0.6424120451664177,4.695642532034246,2.249243931738797,5.197306203550157,3.9930981871692266,4.268604112945831,5.807938378789337,5.061299576266604,7.572748497826811,4.141719799999676,9.365422459581001,4.4808808110483955,0.5100126767456453,4.533438525070439,0.29551746304972293,4.51464365521674,0.11590230523422625,4.196763899560078,0.17138947465979565,4.44913345900705,0.657202904897375,4.617283906206756,0.11478223987521652,4.4831071168260355,-0.5653171019678057,4.481073398347551,-0.22234709240986392,4.721061842635871,0.094757100269741,4.5955770707588846,-0.09812375197757842
3600.0,16944.51843373928,10.0,5.5921942600404675,-4.452662059187015,5.5103350693191055,-2.8149837443618173,4.589223663412257,-1.0087134322643414,4.829620663412285,0.6492481369571672,4.819700970837966,2.3257782976619596,5.297024667190845,3.974833220364702,4.348223056389173,5.767490826825226,5.177433546320649,7.541190659186536,4.144304719600323,9.356723395381579,4.509529875830933,0.49645859356366967,4.604146274596394,0.2990409279706364,4.568965789380083,0.1128789904149424,4.253354134454082,0.159341240907723,4.515023386391273,0.6537556153789927,4.658637103053786,0.11102517744233482,4.530462786158494,-0.5592968832368541,4.535163041293417,-0.23442485130650953,4.773941280037725,0.08132035688352965,4.6272828888771,-0.09318123446349437
3620.0,21378.30272565643,9.5,5.650337799989943,-4.442071740216585,5.56791425191892,-2.8301905029034233,4.664990916974028,-1.055817148954962,4.8809922783356665,0.7108157041944857,4.800012696975956,2.2891397098917317,5.327232239343703,3.9602968712043243,4.413976702318759,5.726519210889171,5.221139988148447,7.474411268375254,4.269293695169454,9.253612449443022,4.548163979678668,0.49799845981436575,4.645860487035102,0.29656542421757354,4.629472612915954,0.11262948201973022,4.2817843527437605,0.15810626818495396,4.537622515884788,0.6522901354688133,4.70602875648022,0.11746936103208454,4.587368986495418,-0.5579553411171734,4.563011767487527,-0.23332341238663085,4.810079886755764,0.0682044249338883,4.688724198198635,-0.09370637117550418
3640.0,22165.339133977268,10.0,5.734008616710815,-4.430821150997387,5.678158848363802,-2.799819101383286,4.729364736575924,-1.0970974464976324,4.945266290773187,0.7267958376270706,4.8880624119410445,2.236128695997455,5.372841007090033,3.980922077102252,4.444535752698759,5.770026718780998,5.297686607694989,7.482767287002948,4.279018379993518,9.348570371641944,4.579946064670393,0.505932290927837,4.6951331762096356,0.2952331275675887,4.663404023005802,0.1143420578632012,4.336433928218031,0.14646516466541742,4.582127962769129,0.6636656691561663,4.747625776101256,0.10841521365746343,4.645706346142012,-0.56477278743513,4.604742371189862,-0.24136174529975354,4.861676614726903,0.06715590550905534,4.748789617735976,-0.09398126888613374
3660.0,23161.321784643842,9.5,5.728313749160835,-4.456735206314628,5.642034711598417,-2.755323270070143,4.754596972859863,-1.005674834074615,4.984781694582929,0.6385529495976798,4.891669824865903,2.2673710364740827,5.3808321430167805,4.015949390731917,4.406658741908736,5.79480188010329,5.301679290556965,7.494869784995063,4.369941261939876,9.277366378215383,4.633279720929432,0.5211648912135755,4.730067520628703,0.30709235459148215,4.728230475036628,0.1335658716613838,4.37240153201048,0.16461171289084192,4.610233565805972,0.6718875834195044,4.817358828533247,0.12686895657517455,4.711454973092747,-0.5479877975787808,4.642437078687261,-0.23497209098032568,4.909600477673186,0.07706363357531354,4.821831562827259,-0.07833327907935358
3680.0,21902.600702122105,10.0,5.75484066199013,-4.494135937958725,5.684921779389587,-2.792058106493739,4.805381474522271,-0.9772965559529734,5.054634247680009,0.6532967025264222,4.941706877630873,2.291024948292219,5.458144007112131,3.980879538814392,4.507291094682001,5.853106785187724,5.343656966513984,7.486397245075463,4.383875573087024,9.314017529372762,4.662699251294642,0.5207776042799722,4.75242403944921,0.33072818326633446,4.761727453898743,0.13151372731602326,4.403467909183695,0.1654392355792113,4.634592772120744,0.6682174391851967,4.845027340661566,0.1250466731470606,4.74256583587304,-0.550340330650582,4.672429383398689,-0.23049502540628794,4.963078910424526,0.077217522900945,4.847533416067721,-0.08265499008866353
3700.0,20424.137487527325,9.5,5.844505093841265,-4.475590770808248,5.74007404220436,-2.80425291625208,4.841195487337306,-1.0221720482897225,5.066799419294803,0.6868368910897714,5.019482884598594,2.2802370207170255,5.474656095062831,3.961180018388421,4.537757654804733,5.834591003679304,5.3920735220000875,7.5073390064108265,4.424562394563513,9.270322858608715,4.69054158922952,0.5076236032585608,4.8141911935300445,0.3300293412885975,4.813405135843925,0.1256054534275582,4.456567047466369,0.15019501501285348,4.678949976253898,0.6694852119399537,4.889144095307434,0.13196423887677153,4.790593211900292,-0.5466346672089459,4.704959208104161,-0.22346831649783994,5.001546057482389,0.06381382308736798,4.876793544035797,-0.08077825832794949
3720.0,18221.33932486544,10.0,5.841430174806543,-4.477351901067726,5.772391116665465,-2.756537211775116,4.861761226774409,-1.0824858712994883,5.075130131589476,0.7123174362378567,5.025918298781757,2.3077095671122363,5.511039168997302,4.059834402226447,4.546074637422633,5.791794595346112,5.42907768963641,7.528274646232369,4.426343280539376,9.332708862010819,4.709424773977778,0.5080426394194291,4.840230936466496,0.3275937747427986,4.833803161581736,0.12536817027566244,4.470070130219448,0.1511259581300288,4.690549934824846,0.6702124426090922,4.913259085012564,0.13550599176443218,4.829276115191048,-0.5488144367366801,4.718240479832653,-0.22123359002901855,5.02712431732576,0.06376203887501047,4.915442500037864,-0.08214490367369545
3740.0,20438.382837354435,9.5,5.909409690963744,-4.489895834332597,5.830722621487409,-2.7968197622846915,4.9123465023186474,-1.0673732542300218,5.080835182872844,0.6465894087127533,5.090961132843309,2.3109896065029485,5.5633337054349825,4.0496986426810775,4.54674546891139,5.7476554256543615,5.395894379743255,7.528922935583313,4.4339723588287825,9.37823656286695,4.745404410534833,0.5106384969287345,4.90406188998863,0.33017508963809766,4.867366462469688,0.12246839978801467,4.524981504445668,0.14772438894442452,4.723167689221499,0.6685389755158921,4.951059098107913,0.13603685268597918,4.881259549020012,-0.5464857282295863,4.7673587470008325,-0.2186648948978053,5.0700315480582985,0.0668780961650727,4.953362023844714,-0.07950740495520439
3760.0,20157.97541343895,10.0,5.951401526035214,-4.527288117715893,5.852084672326568,-2.8162072789306256,4.931650081524833,-0.9981267593685293,5.115998071524095,0.6711441468235066,5.113317863873182,2.3245616150735566,5.597150125647917,4.01968230725544,4.548762730336143,5.824922239951292,5.447226793221463,7.520828869789438,4.504130686700333,9.272059464118225,4.786526041300253,0.5192110913999068,4.9151807638840666,0.329150809342145,4.918546825096707,0.13132020289224372,4.5646580484144605,0.14938331409621958,4.7736412237926515,0.6792763148393928,5.004404289125889,0.140117302712815,4.9239095883998525,-0.5573141030030081,4.805538906221691,-0.21765414118124066,5.114540122850776,0.06856010262956806,5.001245953432732,-0.0783731961415802
3780.0,19131.901113327927,9.5,6.038128013081073,-4.486157066389147,5.919339710153551,-2.802989229733312,5.010237735816008,-1.00468056393532,5.164663073372208,0.6615203001050693,5.174617112181693,2.3082087530786124,5.6443834063552885,3.985601232296075,4.705031015997986,5.857999267520236,5.521309337676485,7.5201480826111835,4.534318750333715,9.338725166192337,4.812336260967017,0.5217368788490557,4.974440624430002,0.3305441776579633,4.953142133496468,0.13306541298973626,4.604887585681907,0.1544089499285039,4.827828416011173,0.687040450854044,5.080154792020357,0.14439761472837945,4.947273458700732,-0.5539259156549555,4.833317160857424,-0.21065023835482782,5.180751781746567,0.06990399893788382,5.075576985444625,-0.07514943158694201
3800.0,19501.08508314351,10.0,6.058199895569494,-4.480412713057872,5.903084503640717,-2.7712568506990016,5.017986786435026,-1.0240227011627496,5.235685808254286,0.6851023437953707,5.191169591874501,2.283038921943978,5.664036997614801,4.007572781194254,4.737820547712159,5.814823643934034,5.587544070949381,7.505117036520636,4.646769423394644,9.316820641276198,4.838817415395607,0.5225711026779968,4.992892129512553,0.32829336322015,4.991869546173286,0.13440085894039194,4.620641239000864,0.15425481197286017,4.838061867838317,0.6889204764856289,5.111170680500008,0.14917430142680224,4.988255258070558,-0.5547201456828758,4.847502473747622,-0.20626799535323523,5.206783704014552,0.07152267463481347,5.1260523113112315,-0.07173278511201402
3820.0,18649.74549602704,9.5,6.135335508108323,-4.461345860309983,6.008592604506964,-2.7936735222380658,5.053704274973085,-1.0428465185032632,5.246963341562254,0.7001062943032613,5.263784715371663,2.2948626179442426,5.710457266127323,4.043562432834753,4.740004758029643,5.759508713346549,5.6117895689057615,7.534783294110811,4.691900049000771,9.319807053466002,4.864147555968072,0.5231425751067269,5.0504465475846825,0.3247880262491127,5.021877775949274,0.13568528527272772,4.642004401558364,0.15028694045071836,4.862787242922192,0.6937480464062432,5.124749114186313,0.14705473134736657,5.030914957563298,-0.5569585812625972,4.890495866326773,-0.2081520983204169,5.242646472247037,0.07144784705082145,5.147000868744302,-0.07270305148160124
3840.0,16881.150744148545,10.0,6.1553849068464475,-4.522986608945476,6.063923212719588,-2.771718180687062,5.101070983598115,-1.0176574880373064,5.279107594578703,0.6818582364338822,5.264764505318999,2.2917504797056862,5.7532227554372914,4.0900820866358965,4.776147786378886,5.778025545995292,5.634285889255039,7.508893697936041,4.69046380551075,9.368115851818521,4.915880485063388,0.5130997950131186,5.095628249187714,0.32959675848052206,5.08153935978404,0.13126013368316627,4.669185714272357,0.13551914288318262,4.893716583718281,0.6861365096319406,5.1620920402182255,0.14202654278129584,5.08169403327689,-0.5489094588644926,4.920133124992547,-0.2180907281242578,5.2695618927186105,0.06239278142687571,5.187604450636817,-0.07205057229669946
3860.0,15893.425295908222,9.5,6.204345670651403,-4.4606571537234405,6.138484323264613,-2.750142937202014,5.176806566071024,-1.051211690579047,5.354978868733856,0.674758860533732,5.34841572876907,2.381886227925214,5.840775952834685,4.023456220605012,4.888487450281207,5.885999110480342,5.684984493570037,7.470047311161366,4.734590892270135,9.352777809538246,4.988943235489425,0.5078298831811001,5.147576437778451,0.33789242637389405,5.142200557379598,0.12716436236095105,4.72782226910628,0.1312854522090569,4.954283370550404,0.6822615387864926,5.207913372057728,0.14279640161038226,5.166442136749825,-0.5504174233530327,4.972679729295447,-0.23336671482016808,5.3587189896254745,0.05624184016015989,5.258239411525159,-0.0730362448582722
3880.0,16753.777651273864,10.0,6.3318256154602075,-4.481229266510067,6.22285198784652,-2.773971828201719,5.259961061129564,-1.0532512438122166,5.408032097633228,0.7099078694386391,5.3696179536305255,2.3896927144975675,5.868792782972632,4.01028803647391,4.9009757089428,5.856673733956127,5.739011250755492,7.4939875785756085,4.807125020361733,9.337514716782305,5.055733504567036,0.5073933510094331,5.193302016884752,0.33627205763412527,5.209462865596774,0.12856521244656544,4.7703284112237485,0.13104817601074337,4.985442002170528,0.6844039146530954,5.270930157516455,0.1475526842917994,5.21334928310031,-0.5473006209439191,5.044175888931031,-0.2310640162506951,5.4114546075347265,0.06031986021276596,5.311469973258896,-0.07004082367237571
3900.0,15702.270644589089,9.5,6.345638904721373,-4.4762964830212075,6.257183208365893,-2.7784691179039043,5.286509094932194,-1.030901518076703,5.458336883573271,0.7367469063206343,5.45022094499843,2.3535098775973458,5.940552181474906,4.0763556906685725,4.971834813075793,5.826970583808665,5.8538703384334125,7.594515610877795,4.892608700753987,9.403498128228678,5.090831786229727,0.5069215029091974,5.219445743175383,0.3359137722972081,5.24621112116602,0.12961134611887193,4.814230352638709,0.13237003900879024,5.026352666106559,0.6871924701041511,5.303940028860464,0.14958180225077414,5.249143349646834,-0.548980533173923,5.097432788481128,-0.23080743992854172,5.443586799715012,0.05986776425276537,5.3450453504163775,-0.07069973687251059
3920.0,17311.833947508025,10.0,6.417011389064069,-4.487833039223556,6.275172096729781,-2.768245260182151,5.330220949749726,-1.0237142105205606,5.500883458971861,0.6767320056975145,5.479743105900339,2.2743901691960393,6.001737547975243,4.027915697674001,5.008519510266462,5.775761535386101,5.850072765782278,7.572090299133587,4.873959080848321,9.428271330188439,5.157608629787752,0.49798903827136953,5.272338372694417,0.3324594043220409,5.309394775698091,0.11902013377436235,4.862435671550774,0.12496577712574553,5.072729136915055,0.6772842268470838,5.366697716585469,0.14333412296806533,5.2951164902432595,-0.5485838234834286,5.157247434378531,-0.23612966204614994,5.505300158195278,0.05064499957646594,5.4070667477565575,-0.07139580228040646
3940.0,16289.378470849028,9.5,6.42582145169703,-4.4920882045212736,6.3238600316645845,-2.78810567067801,5.3368870946501765,-1.051830643040363,5.531205853802373,0.6587620475323057,5.499253478259815,2.2847071504099916,5.995516961451202,3.931084356236363,4.976761539846334,5.802636886292629,5.869074511089245,7.508470654343884,4.94711483209838,9.363777017837299,5.174518118202018,0.49840326028119497,5.291966595611585,0.3347694509433391,5.3294767235333484,0.12052357940180447,4.869380516459721,0.1243618982225863,5.077036918197916,0.6760457640081033,5.37830157289109,0.14263696506661513,5.319279456254985,-0.5483113734785686,5.1635394771487055,-0.23679234477651595,5.528288410561027,0.03683101593088585,5.427846026058559,-0.07216649521798497
3960.0,16136.785740825377,10.0,6.436476862555462,-4.479909147027898,6.384315810165387,-2.7568637104905944,5.406621181103832,-1.0855490811361084,5.6157566015860265,0.6355971683598625,5.485813485654129,2.2726597425726327,6.068601262064576,3.959751746405454,5.142565537894886,5.766286799682403,5.92313258099211,7.482672438745769,4.9786314981824304,9.258256084131892,5.212958586439105,0.48362826717266316,5.31402009502804,0.3366385512501349,5.369737422142755,0.1096047254061959,4.907256667892424,0.10557330701152705,5.112013791492073,0.6674919308367154,5.401306963811024,0.12235191758659325,5.363756443658803,-0.5466154735022604,5.201753655219524,-0.25000034113568453,5.564847088786064,0.01854702878110928,5.448775985097654,-0.0806225463710192
3980.0,16251.437165801937,9.5,6.46879951449898,-4.517040528646468,6.409229575740364,-2.778629046059623,5.412919325612142,-1.0573256366083341,5.638928787407719,0.6460520555861382,5.5746910906221085,2.235565632950892,6.114475642482952,3.9856941428071067,5.1746203636905985,5.702166705493073,6.003070953831044,7.479560365158832,5.042778543756581,9.315722765783777,5.259180917592117,0.48042323341920723,5.345046860887971,0.3380148474777349,5.413204184065174,0.11033578783696969,4.931729867284521,0.10585683745543997,5.130652332501883,0.6661199349787001,5.454680098350996,0.12544686873359348,5.403576938498424,-0.54203331552004,5.246061824722434,-0.24911883311274172,5.601755422335356,0.014703314780222248,5.50211441113836,-0.07915866073699931
4000.0,17906.532429237734,10.0,6.581318921649887,-4.514123066265898,6.487412623025159,-2.7966401610688982,5.477650907311876,-1.1019467605278066,5.6860354107892395,0.6726465829744647,5.68533030921456,2.25720999139231,6.195872437980055,3.999303802596786,5.1390193725770725,5.718250743361599,6.010281072936872,7.496569619786645,5.0575655934191825,9.278618774730484,5.299206362739261,0.47576296934988827,5.436191727405952,0.33825491984488726,5.452707564470113,0.10266194573671443,4.982704828090214,0.09912874582122867,5.1854525255252835,0.6589058420545455,5.515794723212838,0.11289597064195978,5.450521909220899,-0.5506226245402521,5.280484572370674,-0.2492604247818661,5.636387987807856,0.009799121708466979,5.570433611939352,-0.08764152906006069
4020.0,15917.51456331627,9.5,6.586383534404156,-4.498740885618931,6.497347462820377,-2.789420585493441,5.471054205440265,-1.0987747578719094,5.607953761693919,0.6500284576482176,5.607785367850925,2.3141872951365676,6.215837145150396,4.005655650222865,5.221660198027658,5.755597492038379,5.997720978782882,7.507194287884657,5.048425604114067,9.31365203772406,5.328371203216578,0.4759975165986739,5.457314056603525,0.32286917894696543,5.482487913335137,0.10109223478645823,5.03383943520913,0.09677094526236825,5.201924307265305,0.6594172098482882,5.559018940428322,0.12051223319401286,5.470324649885189,-0.5533922510482174,5.3334373350976065,-0.2445121680198185,5.668318593269506,0.010839771980621405,5.606533308075186,-0.09931202280174567
4040.0,17236.7042006238,10.0,6.646143508319753,-4.5239087094702715,6.507156956579666,-2.768289616124645,5.495337529727151,-1.1197673723852342,5.698696389499639,0.6474438561453847,5.705448628525425,2.3334564651077243,6.301031166339142,3.952261445119775,5.339612825421812,5.79041779799736,6.10742018070323,7.485784293780014,5.068469970588255,9.339754595082946,5.369397852093674,0.4765898347540217,5.482084430320948,0.32683026269853377,5.534461890493262,0.09913560004339468,5.068636273362612,0.09432057303963896,5.246915527771859,0.6578596629795074,5.601931442453115,0.11950926477555739,5.497443760434676,-0.5569376524544186,5.371045268306867,-0.24543476205304157,5.705467466152389,0.010303902432213885,5.635636058795781,-0.1007565811263104
4060.0,16702.540681146515,9.5,6.697905837807065,-4.516986317817566,6.584829356036115,-2.7919953458171918,5.560696212693918,-1.101071238592859,5.761628222927522,0.6581346920808216,5.75105977943703,2.3112498816835463,6.296692159337796,3.972041125798431,5.330638999832084,5.739419485217462,6.136032508749236,7.47486618631936,5.138402917793596,9.287094211994823,5.405874358901729,0.4673128193187791,5.504651379375318,0.30972484339298295,5.569377313682638,0.0961370760910174,5.093056182870501,0.08554746211937453,5.283867761557595,0.6556814846441598,5.6309494214792775,0.11299262608276858,5.524107397279775,-0.5695844275052376,5.390740718615659,-0.2536354024925997,5.735085964279745,0.0037562827444701575,5.658890437255068,-0.11580630047644616
4080.0,16711.081075279137,10.0,6.754506337195532,-4.493378046967201,6.616184864034736,-2.792991303006377,5.586511936552426,-1.096490754060751,5.7794391355325185,0.6406013341768115,5.852844579331284,2.331572368687564,6.357262112044454,4.020699550518634,5.318265688514414,5.678754545782914,6.226924341449501,7.486918795611494,5.192969586738212,9.216652537295516,5.435215999126092,0.46406417249351006,5.532612222722807,0.30568274783636434,5.600971707341531,0.09389464916668049,5.126478321160936,0.08400716794062792,5.334708340534943,0.6557265197050219,5.663247600517417,0.11438539002438342,5.564959367919959,-0.5744365099354057,5.417440905560911,-0.251750835602647,5.785028894023711,0.002197861202962065,5.701489249493953,-0.12045985631248386
4100.0,18326.88286714469,9.5,6.790140728658395,-4.493402611811453,6.632351205779774,-2.7517792756283432,5.587708303129425,-1.1580821441723828,5.766216179271366,0.6182978810634114,5.872899370047775,2.2928146820961475,6.431883998886553,3.9766892638771387,5.3759155174221185,5.716402026573452,6.198787269286742,7.465630810575552,5.17386538901384,9.28687659783305,5.461132401913604,0.4566186192232271,5.589885030498921,0.31504648009205405,5.621715804924822,0.09030808146345645,5.1399249614359395,0.06463461401836329,5.347908991508389,0.6516517538282288,5.692470125509989,0.09338197440805728,5.600499370657827,-0.5741599814450948,5.4403947215658075,-0.2660229652144649,5.8043769728276775,-0.01679443484604421,5.746962196206637,-0.13165493111173313
4120.0,17833.334492942035,10.0,6.8415270609182475,-4.50988029463287,6.654768023307381,-2.7854258257918127,5.591668020604613,-1.1570956404860604,5.790770505358234,0.6531164075922067,5.915952034435657,2.297918562672141,6.44533938502583,3.9288480152108365,5.389135528286097,5.772742788788244,6.28601412672674,7.460811159458446,5.2466702342279365,9.263335208017287,5.4921490023544735,0.45579223927278995,5.608666390986608,0.3141718740085386,5.651708703729478,0.08136601823828597,5.164612064646299,0.061261264047532626,5.368216596918423,0.642819325687154,5.717648767290429,0.08992270607435632,5.626524113408804,-0.5766549479745068,5.481944925056606,-0.26929297827346144,5.8226188548616395,-0.01981182410128939,5.771652692914655,-0.13501230832296468
4140.0,18081.011186207244,9.5,6.8737740286498035,-4.547710838598482,6.702591909495875,-2.777812778057677,5.648246365187248,-1.0857102053420333,5.860279339033024,0.6391667952808716,5.9128091526693805,2.292025908844736,6.492183087196182,3.915006148581493,5.488595897048528,5.732329777433803,6.314543636089793,7.427918060216859,5.285350917238317,9.225548011158143,5.506277146819295,0.45666159791861133,5.6546830166473665,0.3140382666320405,5.6623423377971305,0.07827305066920018,5.206956810727448,0.06477069225383274,5.386436547792335,0.6488252425407134,5.757378438774651,0.09072414881306319,5.660780814481195,-0.5747447232183859,5.516164434908957,-0.26871298234547647,5.856153421299319,-0.021787517719713413,5.8084073611665765,-0.13879576476463237
4160.0,17879.71666485203,10.0,6.907049678189426,-4.530505048299489,6.767276654187654,-2.7556647029298538,5.707386559404801,-1.0474837761411016,5.928436778335936,0.6795105883405295,5.9029064162726455,2.2645262137644186,6.467996794730659,3.9177596145716342,5.468269913135037,5.690189606871385,6.3526280541775195,7.442085686407582,5.358092519215637,9.22254144501971,5.547713511742606,0.458312480738976,5.671330499900497,0.3096283131925909,5.687182502990469,0.08032291317728076,5.236122597388205,0.06871633561823084,5.414706143469619,0.6513277433428354,5.786798148050839,0.09712111508369067,5.688849065664895,-0.5775110849830414,5.5394513281402995,-0.26527892620313126,5.889844183170094,-0.0187636075701274,5.835958358982304,-0.1369140424958728
4180.0,17294.127771380594,9.5,6.965589258180496,-4.491958212689371,6.778238925869646,-2.779599230442119,5.748957254554288,-1.122421986092626,5.920169783401915,0.6624265533407735,5.962876805133403,2.2521582841556955,6.537201768022188,3.947861058842822,5.494685757425613,5.681168456641607,6.407633841502772,7.468847830544559,5.391352821891939,9.171918965922675,5.595907112916178,0.45463192823998855,5.712828921893974,0.3096993443246172,5.722066819893692,0.08051357813691054,5.2754021197262615,0.06894231634070794,5.441657268598329,0.6545775286511712,5.81957407584945,0.09974967941309949,5.7338286009679145,-0.5775924490723245,5.58606377851688,-0.2625892655926501,5.940867227185004,-0.016311892612475586,5.88543394163618,-0.1375926975186021
4200.0,14419.316962894145,10.0,6.967335008125612,-4.487018577433213,6.8202801343013935,-2.7795239027699723,5.7375340205907985,-1.108619704971763,5.889762218868663,0.6034264638415469,5.9568000086428,2.3041981977906376,6.54476975260661,4.012568561248058,5.576686347026805,5.7152408762935325,6.391756399278874,7.476071332963071,5.360987825678292,9.21910475787659,5.631387955146794,0.4592888172692048,5.733785267981766,0.3102105709452242,5.751184789729171,0.08166899649242101,5.311313598520494,0.07291968148702468,5.4591732913525535,0.6578531953371503,5.854007955306744,0.10103711728157275,5.757476729651771,-0.5745529836134511,5.616320215712918,-0.25688883924184536,5.968668669555286,-0.015288059181226643,5.911506221467561,-0.13589266669846137
4220.0,15089.708842359567,9.5,7.046906859637053,-4.469964863567162,6.898998900811326,-2.7298787409588265,5.81750188937034,-1.159275468928277,5.960412899602029,0.6225287943499014,6.0462159525488275,2.331496511846203,6.613633053256886,3.9703610628245514,5.572950626142498,5.7223781606514175,6.412899246851637,7.432823899457591,5.3275915819725395,9.245650092718396,5.640854834487144,0.4581506930147975,5.781575419536513,0.3108318691706309,5.780309784818007,0.08175354380710045,5.338899238499112,0.06959441603425871,5.505737836397552,0.6602207662407054,5.896607170060023,0.10106172095831863,5.773454010647617,-0.5751935528800157,5.643187135486592,-0.26052614761194126,5.991537100138178,-0.020490789950303418,5.95122664724598,-0.14282379103073722
4240.0,14191.035607198739,10.0,7.098580175571982,-4.495603766412907,6.950428446044478,-2.7361744771782694,5.87717409888086,-1.1041496980290666,6.034239384628893,0.6391905668105218,6.070236648361306,2.2951818531965236,6.634893818977034,3.9685601886641164,5.642009137860125,5.742319598821547,6.409323459382423,7.415900641180189,5.3889947974163475,9.249233967613435,5.731171279446076,0.45606713927308207,5.840588465738992,0.31359254919424046,5.851822902599187,0.0865555700605363,5.404021593208849,0.07071646099449838,5.543036331378849,0.6645954786270021,5.966418585626641,0.10252483494177697,5.833006774530135,-0.5665002154687284,5.707206268039744,-0.26214142839567106,6.039350817058854,-0.023436115659516133,6.004341186108046,-0.13598918418581313
4260.0,15687.058950415787,9.5,7.14532442091828,-4.496189627757799,6.986061865757312,-2.747147081840043,5.9175921099057955,-1.056481554254621,6.1128643287328925,0.6248258899197402,6.126132610565813,2.3257692416092137,6.660042456065878,4.014745051747818,5.625407313233319,5.727985934385066,6.506132255527992,7.470690385118689,5.475526112997164,9.22760820354096,5.755318942900957,0.45812586038904335,5.863525232177447,0.309616622026354,5.8776048049666425,0.08710999630619658,5.4351310477374,0.07679611465616801,5.594258278427974,0.6707400969611486,5.983865124747432,0.1059289727113977,5.875397149189605,-0.5676984677488336,5.751392838462926,-0.2565854178744697,6.084423185967362,-0.01847910144061335,6.030231533196578,-0.1403796932027272
4280.0,16707.281426379624,10.0,7.2127953309734805,-4.477181713599277,7.046004381989398,-2.7476438064864297,5.97385647317288,-1.1014947939580686,6.10839531465021,0.5951578242136549,6.214038438219221,2.2675837714265903,6.747529061400899,4.012334160261256,5.716274348036305,5.709009343970188,6.52926396289416,7.462308050677057,5.508932134236689,9.240292348330813,5.791606451211846,0.4410046787980992,5.911033749478198,0.3105389545831251,5.919822166329128,0.0727295028139176,5.462740511595518,0.060993512310472564,5.628387019401915,0.6596576719463958,6.01832627535146,0.08757368755991074,5.914444281217856,-0.567302643406386,5.774086694291777,-0.2712273740066888,6.101804783056059,-0.03789656895020717,6.058757025423718,-0.14544085352916844
4300.0,17422.858599828556,9.5,7.284228859065676,-4.472352697812182,7.086805548159722,-2.7236067317900234,6.007857750330822,-1.1359232490851139,6.146237840420903,0.6612267962804287,6.22341074680447,2.3020675845415246,6.791423466598995,3.9653360774458286,5.739490787371919,5.718551959235497,6.5939707174720485,7.456083651018391,5.5451782017117095,9.234055584520393,5.839644217285505,0.44235506349226983,5.934562660146664,0.30954982738928016,5.971437812682985,0.07053098210306749,5.51000901339257,0.06854469704874587,5.663307340832715,0.6618758363121181,6.041488583815517,0.08699305205431346,5.966305088137074,-0.5666590910676295,5.812688975699773,-0.26808220313589304,6.148887391216098,-0.035860344986009915,6.082989607825711,-0.14655551631063218
4320.0,19670.503409317284,10.0,7.368460785598924,-4.43710148058299,7.171662397795053,-2.709561274172291,6.126522540554538,-1.1083151470516817,6.23086085818972,0.6542947134824788,6.229540145350393,2.322645089236849,6.7877716223254625,3.944599703881996,5.7913665491755335,5.731205066874532,6.6401777833517786,7.443054759882417,5.5754126885075594,9.243332698889883,5.871463980019622,0.4419027700360094,5.989140083989102,0.31286220444827234,6.004890136816792,0.07124628305652288,5.585195617363824,0.06765411949827675,5.700850639924844,0.6657493029829469,6.107164060738333,0.08306218005793135,6.021808580082146,-0.5625077403776814,5.877306669600478,-0.2696457307386312,6.209687424210828,-0.04150805709985102,6.137405047172712,-0.14897506502621485
4340.0,22426.760588798676,9.5,7.447364428954524,-4.409365115464917,7.197017486309427,-2.7039568862788324,6.148661570366561,-1.0349501021390999,6.2800369615266725,0.7010282038868321,6.275745182018911,2.2843511727138046,6.8096500348619315,3.971389557350372,5.8322176020386385,5.705572367206891,6.674347030329881,7.470480710988346,5.653629338159218,9.211873515166884,5.917424570301003,0.4433610117517812,6.018414003805325,0.2987077115967944,6.0439253007937745,0.07617349378035007,5.620442956264731,0.0759047752548318,5.730485875671083,0.6742549897020738,6.15870773594784,0.10071357185616918,6.07194795946045,-0.5778564359084487,5.915438379882445,-0.2628369154149692,6.261500458056419,-0.03838442054112272,6.187150066829989,-0.1371645493503932
4360.0,21977.469281037524,10.0,7.454359619932485,-4.444432094442936,7.241882661758642,-2.704844671827085,6.197132345864067,-1.0376733815272223,6.346388847027045,0.6562781348644178,6.330627731963554,2.323568270965209,6.896709248170825,3.970390441017673,5.8551183983628015,5.72468518224896,6.700097978749142,7.481420745286913,5.684864572580784,9.242083940635322,5.9589817319109315,0.4619889350012101,6.052483819481701,0.30722196578326233,6.103246994707498,0.08377162634313848,5.6715636199251085,0.10334351687997326,5.804264653034345,0.7029563313525857,6.185119910770169,0.10696707024147527,6.1171654464518195,-0.5552035227306552,5.944710391247684,-0.25504192406482823,6.305352376090581,-0.017006892233738146,6.205540778523851,-0.13784639515669456
4380.0,20722.556429378285,9.5,7.502528985577929,-4.352792548974004,7.27549947780475,-2.6506198921650226,6.154676629696536,-1.0617360656954524,6.28092143070366,0.6330508978403124,6.34513108012411,2.3090863603962357,6.907761541948231,3.9490558458752645,5.916658116151021,5.723016310043307,6.717063516672155,7.427597623674769,5.6942911446676305,9.22807510568217,5.990040781766946,0.46374306358593553,6.0693814342363,0.30418608402553027,6.139592556499688,0.07566733915570431,5.700888747503415,0.10108228548801072,5.831228534335375,0.7121553931796678,6.220085927755466,0.10018937103864119,6.154907631517387,-0.5622695813757438,5.974312016750489,-0.2504438890057009,6.344675033939618,-0.017497055522147042,6.239252162107515,-0.13629243963884835
4400.0,21786.323256706422,10.0,7.620434485761042,-4.334427312539569,7.334936366995045,-2.5871352246624157,6.231775151840186,-1.0866954521156453,6.361240960762702,0.6757815808684019,6.3812972582918785,2.281245800694511,6.96534488941416,3.8973640041988653,5.984416352997372,5.719496581328623,6.7543427714993864,7.405649489195563,5.6585801160784595,9.217484810993062,6.012222298673788,0.4633267033550765,6.090195114001679,0.30344491215621494,6.1609123852407,0.07538040640658632,5.71631351162919,0.10105683474993347,5.8537596209756995,0.7138015046507642,6.230834141212603,0.09984827507467955,6.170768756648005,-0.5582969569858411,5.987650129031958,-0.24968942868151583,6.353148395619644,-0.0161480555372993,6.246859699402991,-0.1358978075870892
4420.0,18522.03146433902,9.5,7.684349817207331,-4.334856160518056,7.429682246006243,-2.604027449622267,6.287011413648256,-1.0368949676974817,6.400897342648127,0.7100338022331758,6.390361310014946,2.267277503126553,6.937423697320456,3.9009653230486547,6.018912670918081,5.663941422262943,6.790826327359923,7.37960707840783,5.708367678453075,9.210544708945687,6.056719926285245,0.4664989401894585,6.1482220787206145,0.3036946869201772,6.219085418794353,0.07881902517662635,5.781543313626153,0.10472567703281907,5.913467880289028,0.7204949101453411,6.3027252301109105,0.10310729409839778,6.237018181839323,-0.5521459213698493,6.058451228272224,-0.24526840999874905,6.431211429249393,-0.008281681160741017,6.302786212477933,-0.13394070557697335
4440.0,15186.368004449538,10.0,7.749070155912091,-4.334580100359425,7.483491092568156,-2.611645668513011,6.336624010064233,-0.9938457955825866,6.462269153725979,0.6663581297257337,6.4412303510634334,2.2993058714418932,6.987047208493189,3.9205283823704287,6.029466447863764,5.648595809510401,6.866820459580794,7.374019365563522,5.810435252407844,9.149050436326785,6.101451865501756,0.4705023998001897,6.204608539584323,0.29678319605778175,6.256118421312776,0.08219226234076654,5.8075374345899275,0.10742701709879013,5.952590378049284,0.7214811574150191,6.329427879884285,0.10766044678134641,6.270009549870067,-0.5527751942115096,6.0837523380900524,-0.2428195633635028,6.458630863778384,-0.004168924760600134,6.335803201155275,-0.13126920949714777
4460.0,15076.60684685265,9.5,7.796425654487355,-4.317738649564287,7.548078547076562,-2.5755544480822516,6.402743229965982,-1.0529384456736772,6.504133450315197,0.6170675268414676,6.50418269602716,2.2981629983487464,7.066444232250153,3.8615876625794563,6.0444584352533,5.610061048833765,6.860738794706076,7.365748983291738,5.820186520120091,9.174960953254871,6.176622407624381,0.47445931439724304,6.2547219707186805,0.29455610989062103,6.312957769290776,0.08342920602504633,5.8863308769400735,0.11101094487042465,6.017145250858562,0.73003507718786,6.376859419627076,0.11105270969805255,6.329922496332167,-0.552779214710092,6.148956593851484,-0.23513886311518456,6.518004172429936,-0.00025321853323932996,6.397491815740052,-0.12894911297906292
4480.0,13678.44945695939,10.0,7.871187570120665,-4.320273781350428,7.567527477845582,-2.6002219001191,6.4045740396504485,-1.0705143964898571,6.471597446778711,0.6482038214625054,6.518936257520194,2.320851752462778,7.116956919669289,3.8540687148931227,6.129487039907056,5.6191091545353595,6.926519480324302,7.370757564673227,5.8881803614777395,9.21502339797893,6.196307409699837,0.47507777475473645,6.281854517322362,0.2931827103520185,6.34214734496871,0.08294946017029152,5.898420627064793,0.11114055630607007,6.02046643269953,0.730086720899046,6.410239328515656,0.11166101528177134,6.374757511151727,-0.5548448348021392,6.1701356780968855,-0.23221660006306388,6.551624335200124,0.0009927131776662824,6.445365506336623,-0.12635930470539788
4500.0,10386.205087403143,9.5,7.931588493386121,-4.369253527087071,7.719534284170885,-2.626584520445487,6.54940272157525,-1.05031972265392,6.601562530303951,0.6457320048273922,6.607533078767313,2.2237422955442927,7.156817259538935,3.881323924164738,6.187334871296084,5.631644816541767,7.0297632549100415,7.356103122442073,5.898635309636826,9.118663003645514,6.2369819609440285,0.47907053747363015,6.316255400808588,0.2936553929046477,6.409899417352557,0.07447949864284979,5.961987832163605,0.10434191725358463,6.087388538536662,0.7223268618889578,6.459429507267035,0.1020422139225428,6.415802897865902,-0.5547594172883796,6.228704343481607,-0.22792138603769513,6.620294173745643,0.005753852191321696,6.472732045331348,-0.1270081735441828
4520.0,11421.502843862323,10.0,7.982376698268728,-4.379369778725796,7.735487013994451,-2.664377929673543,6.561406549064982,-1.030058849491867,6.665001928442902,0.666083147953246,6.61803561937631,2.1926764109513095,7.147786331926828,3.901248243176559,6.217536333848329,5.659009694513827,7.047727549442612,7.294361359903628,6.034447083964421,9.08689146728922,6.285557219813972,0.48246210936248557,6.3483662577131446,0.2924676706419066,6.446737930831342,0.08178697368945348,5.992567237046266,0.10940017483529121,6.123348404941959,0.7268724442893977,6.500801440335799,0.11086818366273143,6.458329684892877,-0.5479931994896919,6.2565975232274695,-0.22375112210193954,6.6608050632810345,0.013885301993072497,6.511151734631289,-0.11923854455642635
4540.0,10931.536052345367,9.5,8.048708520517025,-4.362302491355046,7.81752152439157,-2.651782255521946,6.64917759537285,-1.114459001600191,6.707574262081737,0.6104677218720427,6.711290406342785,2.25026589934015,7.227276684815642,3.8735493304033275,6.1885183054549815,5.64294959899344,7.0973049472844405,7.336943174132022,6.051967603650723,9.133154484444873,6.3160293233182685,0.4766756088718565,6.39339571225604,0.29847211533325957,6.482944500924033,0.08536963329044733,6.016145734861614,0.09107221006946765,6.161385232045527,0.7306107662405861,6.537105351453444,0.09444659206440174,6.520009566026355,-0.5537570730212356,6.277626496491196,-0.23938457160769983,6.713702749896887,-0.0034206421772072725,6.5570132340859875,-0.13442195938893992
4560.0,9650.611133276176,10.0,8.129285078577976,-4.355344755676072,7.873397429234427,-2.6219903740769466,6.691763599604599,-1.1380881779726275,6.705277281821277,0.5865169359003704,6.740094860197786,2.2908592911508086,7.287647245128281,3.8840884615726674,6.240778564177449,5.638918995660078,7.095645881963915,7.346631741957703,6.089873401956812,9.109222928709704,6.378380353540161,0.4743689131079901,6.434048193842503,0.3157959670239842,6.534523501995027,0.09164369830249239,6.073416117271236,0.09679580799869839,6.209413921231178,0.7418946456530512,6.582189924853205,0.09891534168102638,6.581470850665502,-0.5614246067885376,6.319889947108022,-0.23808087863240543,6.750491481348443,-0.0070270476601442585,6.592418725648818,-0.132089582860839
4580.0,11813.252824320025,9.5,8.199343841472205,-4.415821125275811,7.909561730165313,-2.6184565439659284,6.731408204762525,-1.0969036411688649,6.777075004445967,0.5976916260293127,6.819199052253735,2.226441865827533,7.343061056994185,3.8844765811226667,6.404398544366181,5.680848613076768,7.196830236266614,7.355047048646499,6.065474241874558,9.162839482112417,6.405253216682309,0.47056205408857404,6.473570841471729,0.3139077417507675,6.580139258343079,0.09315639323602959,6.118877651722188,0.09581763769656786,6.264709465046382,0.7463581864305641,6.603737438047254,0.09317546334276533,6.612122579507504,-0.5611833640783008,6.364616244652191,-0.2381814924573958,6.7904345200064,-0.008953470532672503,6.619627673761667,-0.13327221723632315
4600.0,16222.83848212765,10.0,8.29911107355913,-4.388991215032558,7.974227371266134,-2.686821089370484,6.7439077669258936,-1.062880450531632,6.837540904961936,0.6310853194892283,6.849278433928343,2.2094894056483856,7.364327587859218,3.881090439342045,6.3603780394934155,5.656704315401275,7.151386996930924,7.353960921981999,6.099759667668376,9.19349917983168,6.462759041620799,0.4768335285409589,6.506867742214929,0.3083282193924467,6.6469700656841395,0.09945625779904563,6.1941042779149615,0.0969762670310402,6.324289227010457,0.7475807586534204,6.692537709668423,0.09121952723743564,6.6675293500372685,-0.5572779935967935,6.450213792045053,-0.23180612009791046,6.870812894508465,-0.002069624786697477,6.696179939755507,-0.12388165487194831
4620.0,18057.678844330985,9.5,8.303192561256115,-4.396290619417276,7.981488586305618,-2.6695447949611224,6.802832257287447,-1.0913714672454922,6.918732183509026,0.6279637799176743,6.879484714202239,2.212740545729548,7.3542207722575625,3.9084657800762885,6.36487588908111,5.62632046292479,7.206917593729926,7.3782706286732616,6.205159754373086,9.135334720697248,6.507197769344215,0.478743869647687,6.533765384966775,0.30933501778620737,6.674655495084879,0.10445799929026492,6.217392736100678,0.10120847171783982,6.353909937170473,0.751310502843739,6.722849318625525,0.0958510091122659,6.6951133331798065,-0.5534937466299817,6.471685599455026,-0.22915528880546487,6.931977995072738,-0.006487078010091474,6.732065023137598,-0.11936524049796489
4640.0,21122.83376876074,10.0,8.311750467323089,-4.366480654752799,8.059174764687842,-2.575902318674511,6.882835198306934,-1.1432619016949759,6.917468269709895,0.586358086776804,6.882619725984883,2.171532827738391,7.392923708638564,3.857481852738897,6.3694794667905965,5.626379540246804,7.212887368313602,7.369820303341827,6.2470371622228384,9.145048526587619,6.557630050758941,0.476706062832534,6.583373758670966,0.314697775197298,6.715241180299516,0.09862056088218485,6.285662467874712,0.10228289857576875,6.3981094892587524,0.7592840817812316,6.769658142812065,0.09822809282142209,6.768580864181748,-0.5563732708365748,6.5388156309206575,-0.22770366890141772,6.982115271915667,-0.009443906526864176,6.789663159786327,-0.11938348962156686
4660.0,20879.074179183077,9.5,8.380102858958402,-4.315186354834309,8.104099143958695,-2.583590957373773,6.943820145652232,-1.1271901563614757,6.938443923048064,0.5881155014653882,6.902760874414794,2.166552561493458,7.422302271303354,3.808612187020297,6.45868691748939,5.606261750709563,7.312352233089683,7.335643711584945,6.267247528723005,9.149154093139055,6.578462034683002,0.47743820533398446,6.602574006297884,0.31555152622935867,6.736101480284648,0.09912465938388579,6.303668118909034,0.10270883524793953,6.4114271312666435,0.7591662035017649,6.789885723105729,0.09947530905811261,6.794202165200689,-0.5555659537288828,6.5558510074421905,-0.22966531398931328,7.005636894358671,-0.008730561710719887,6.817186592307844,-0.11833434627152509
4680.0,19336.14434977995,10.0,8.43471270236286,-4.342569734441171,8.140049254530876,-2.626416882997998,6.948874286094963,-1.1142958273747108,7.001417882349969,0.613888602177532,6.945072803720587,2.228842800425814,7.486015202697236,3.817625168242235,6.525263704159338,5.555745390813849,7.3562110363238045,7.328479808713263,6.263382935702286,9.142233587067269,6.618070372691203,0.5002344098040549,6.6751337005561115,0.32050175838129874,6.779496109396473,0.12235866118320755,6.345132161996825,0.11863303820256879,6.454195841356203,0.7741330265339404,6.82422065408908,0.10456250711417792,6.848941319407982,-0.5424620205759259,6.600740966089548,-0.22601813365018386,7.037594705693371,-0.002918035738844882,6.856830492545216,-0.11394835576329843
4700.0,18118.24166595599,9.5,8.461436937735247,-4.339226893473239,8.154740476558645,-2.6571390091768894,6.984099125253384,-1.0542250050992479,7.010514958787939,0.7043794832861142,6.989995512724858,2.1984006016781406,7.516685713522143,3.840022976169164,6.528557452084738,5.546285828239835,7.349824156331948,7.310073133729904,6.344257038069869,9.145193128925497,6.644691857620546,0.51358548231759,6.707519877329662,0.3229159548050008,6.8221733351224545,0.13760899044998035,6.366888692657407,0.13138162851908147,6.468324807438245,0.7848111503574631,6.861795752168163,0.11954070313858708,6.881945532648854,-0.5286786145322763,6.632284322744117,-0.21725819795056064,7.066345411427621,0.006141869233951602,6.891094596520094,-0.10229490819339078
4720.0,16310.259340037941,10.0,8.553329678598928,-4.28721387099211,8.238026879186162,-2.6228294434092647,7.090756811358133,-1.0668950278259774,7.093673168981394,0.6817215089529213,7.041370656477362,2.216776112668477,7.593432221502641,3.817458139296317,6.570583367807423,5.6050146719948195,7.415126673832073,7.347946880997216,6.381840455851318,9.134782663951665,6.733815507344721,0.5125108268923746,6.760149454789068,0.3351264923786821,6.914568283914159,0.14500760842870564,6.438545671237177,0.1320285089163465,6.556432938570396,0.79507325558977,6.890572535716667,0.1245545196989178,6.9351944041460545,-0.5280801625234257,6.719462360594619,-0.21073269777005504,7.1107672761826475,0.009593639740016091,6.924400391631087,-0.10045690723086645
4740.0,14342.523267407707,9.5,8.536567840158046,-4.303950273645232,8.259325120579941,-2.5784665083177343,7.141382692095763,-1.0742712301495203,7.138005191182525,0.6117616719433419,7.070931594540961,2.2495717473121895,7.5898529215038675,3.891239868302981,6.580374498631464,5.662155232964599,7.407364093307157,7.378256156601237,6.439229504404454,9.157257041688604,6.798867766210433,0.5144467722915592,6.816974473477742,0.3416224506710305,6.963120126881667,0.14460995321310016,6.501912995248306,0.14249969342119567,6.597489781711748,0.8080862936575477,6.952354148657969,0.1300796853491632,6.978058095651669,-0.518127456169359,6.790563160958198,-0.1994658328183915,7.168986411526225,0.007704078769701683,6.979575916433639,-0.09458347531506688
4760.0,14851.452760140277,10.0,8.590427656624124,-4.3197243135980585,8.308323155551793,-2.5587552030863625,7.127841180066506,-1.0929235813228817,7.150158239879024,0.6464804427842588,7.158631345488223,2.2274780088849395,7.650401920732493,3.8891185023559194,6.676442991772758,5.627356631838849,7.489046862314838,7.362888387036827,6.422779919303055,9.13569470522932,6.835156391997988,0.5066444634852119,6.863373327008294,0.3453086150473194,7.013245921095221,0.14139121617695963,6.555351768705859,0.14738485994006167,6.667677166756823,0.8128686033623136,6.982828524781743,0.13289295744059543,7.029770895275033,-0.5170924602445066,6.820707745855929,-0.19452540107735652,7.208108172487407,0.0064050960568614035,7.02596491129445,-0.09404815231973265
4780.0,14910.498784021762,9.5,8.667778444307233,-4.303063153677715,8.373887756625454,-2.560919368645789,7.186645356287099,-1.0330858622935968,7.255376580301082,0.6614919474561624,7.199890354704299,2.1918889182771126,7.680213609298062,3.8460726369440805,6.685296978739319,5.564276249381136,7.467915075495128,7.376762341541377,6.417756168356091,9.196790150181307,6.897062883761777,0.536255951328845,6.9021172251726455,0.36811577333588674,7.079457649230603,0.17190288375945406,6.580565386941056,0.17954831190505124,6.725730911390093,0.8230862204050531,7.009119956357102,0.165186337160378,7.056506434816159,-0.4806325635055583,6.850223065114409,-0.16846170955820872,7.252843072882319,0.01580475639794442,7.055589958412307,-0.059330270688170025
4800.0,12092.141117432058,10.0,8.69396503517557,-4.272493146630348,8.391429566138026,-2.5753921299832334,7.205723928593157,-1.0291517264610646,7.288279406585341,0.6522416241808855,7.248009351610209,2.1791951518004025,7.74974668894607,3.8479390170273775,6.702578189898672,5.563060827154597,7.514722338036387,7.342206156353337,6.473500569826115,9.149519959567716,6.926606202674738,0.5362752757511537,6.924926954473085,0.37043479272384705,7.11126396936135,0.17961248998401014,6.600861316067028,0.1866056924915493,6.757085995586417,0.8278078605026108,7.0436341419380994,0.16731841416908563,7.105856500046866,-0.4713998294278772,6.867272421983182,-0.16018622000323662,7.296433723405353,0.019474012126584762,7.093791070358515,-0.05780377513727504
4820.0,13616.02109102879,9.5,8.730327690930551,-4.228309007500288,8.466887472305888,-2.477846256262318,7.317604673095739,-1.0632230929316286,7.356640663519817,0.6417548953231078,7.251183856009194,2.1208845737256405,7.737072444860596,3.816390280462213,6.712813634381517,5.572661957171087,7.51462979718036,7.340039178326687,6.516165367045796,9.150489192661652,6.980949769037413,0.5343662614824111,7.024954532689629,0.3732477097293573,7.16462362102429,0.1802779310306331,6.688149459944374,0.18622612085256915,6.811554277081257,0.8336098487001407,7.11168359787617,0.14966239096079786,7.1936046025463956,-0.469593314298987,6.959338507130509,-0.15813119386867142,7.346087333532372,0.00807216766829627,7.173158040117491,-0.07321264570201076
4840.0,13187.85233369912,10.0,8.768472773688671,-4.168164303556213,8.525763982645184,-2.446502084081631,7.365244674566206,-1.0631492307535695,7.387988850932402,0.5947342989198651,7.286634074277129,2.1295509404428272,7.79296520406962,3.836311034383337,6.7463325297144205,5.543310888708711,7.585609663745788,7.355199665593476,6.599642415189924,9.09798539736299,7.0344238404884605,0.5305995786642643,7.054146882174344,0.37576957392875787,7.223975902355834,0.1761667714802006,6.724338198800913,0.18859831534365706,6.850488309020198,0.8357572138307464,7.159567846848785,0.1512897999301221,7.249757028270802,-0.46753922622446664,6.996772942767389,-0.15498247285785688,7.3933028607024625,0.005272674728489612,7.223849447087069,-0.07170740393148663
4860.0,14179.69442236828,9.5,8.804909987729179,-4.172023644496531,8.573970869977327,-2.4675794309466044,7.364731987591787,-1.0175159659224828,7.445082725534519,0.6134136487060811,7.364871989208862,2.1618390265389897,7.838898658641478,3.810647394206306,6.80715934407166,5.522420483787322,7.601785624068914,7.341566903332007,6.587819237969152,9.11333811751626,7.0826037727959745,0.5309133363214432,7.086122185475657,0.37682775006623703,7.2734582646222155,0.17904197180625536,6.7566258379104465,0.18910054895990344,6.909458587525212,0.8381691403106257,7.211917375305267,0.1550357213636156,7.27260139936101,-0.4641683457970024,7.018872555332154,-0.15449629465734577,7.42889498601658,0.0059928771563807605,7.2604425408952995,-0.0748901136975065
4880.0,17618.0543976055,10.0,8.881675024731503,-4.175466833943671,8.604555583852385,-2.479327191633913,7.437112129266195,-0.9922401429792262,7.50696696548078,0.6624119861938013,7.418352250852602,2.156061132184441,7.885816154100441,3.8420055952285046,6.828033231593201,5.528457226699958,7.59968747198203,7.287581022060488,6.609364983576201,9.158419041615707,7.153070838885266,0.5333702272666876,7.133522546060223,0.3831516243945308,7.324046244706698,0.19454900896451283,6.802675859334286,0.20570159974206853,6.948373521580905,0.8478476786954412,7.280508782859033,0.15800894941493487,7.333005867460379,-0.45262592917370104,7.0738695302562125,-0.1352028563876749,7.492681385920546,0.006138327891284367,7.32456993125839,-0.07389378392327643
4900.0,20608.798545547594,9.5,8.939641086546738,-4.177001489873019,8.642700606247862,-2.478076526278437,7.491439972592199,-1.0619881481758866,7.58001371151757,0.6684637570863214,7.513422876376316,2.155844785963415,7.95552183302357,3.871484298879454,6.82926837300617,5.491558850638814,7.627074556465411,7.329491094440698,6.6299779096789395,9.107179590922051,7.204520527991422,0.5284453549018353,7.167143438142366,0.39297092664373,7.37381298808007,0.19413517454153073,6.853355877636789,0.20646051175024507,7.019191450712421,0.8520188837597713,7.335005343309524,0.15869566433384694,7.384999179446851,-0.45510438403069325,7.123897161192012,-0.12492988083535117,7.561549611639452,0.005063471526642061,7.378192212069533,-0.07661447439690106
4920.0,23522.68991688539,10.0,8.99968772951859,-4.148600516092365,8.715707355500282,-2.469433610684159,7.560703701891386,-1.096903320945418,7.601407075755317,0.6283868554255265,7.511300071289784,2.171988997387719,7.948562348112131,3.9103202095008625,6.878715162993598,5.554695366287893,7.669696693256514,7.331522468853987,6.679422455213427,9.129511273759299,7.2744550068232074,0.5202677307157006,7.238109828115631,0.39987294717920385,7.467238541116555,0.19519453695702688,6.930912845163602,0.201097669340942,7.081402232566319,0.8549713368803473,7.402601810691354,0.15269313067941032,7.481306365129024,-0.45093167438716586,7.206876609788241,-0.13148914410520765,7.6125075439631615,-0.002939085832776067,7.434024831878031,-0.07498057682572097
4940.0,26312.268120882567,9.5,9.033484971738142,-4.179945271352037,8.79985220724937,-2.434732794105515,7.597942555991412,-1.0731658627222942,7.638788014402975,0.588492450927636,7.60761766728658,2.217208113392328,8.045530641472649,3.878312811256559,6.947546571756992,5.5787073471970166,7.703052119726307,7.317303339677321,6.674007595701011,9.132937602229347,7.300614939696134,0.5186984022249956,7.256435624557197,0.40166212896409303,7.49213312045561,0.20030899906050698,6.970422020506865,0.20819133461265235,7.141053503470724,0.8615875185942453,7.448080291487548,0.1571935497883031,7.508760700952301,-0.44762383206819295,7.234358761436816,-0.12831135924843842,7.660905931435233,-0.0023850617103215233,7.467464904591888,-0.07677171271427366
4960.0,28360.07832141859,10.0,9.151748169725538,-4.142538164963416,8.833555822500248,-2.4604070985143944,7.679714067372115,-1.035958740147081,7.758983241298003,0.590781968383695,7.674695754574647,2.1735379675579827,8.092355877798976,3.863639368120378,6.942524121071083,5.525763839809499,7.7154245306985105,7.355435467158005,6.664169763783633,9.166840373656616,7.348996987788716,0.5194831751465812,7.339147445311603,0.40877464503697214,7.537565979546656,0.21198923734587655,7.013367677704058,0.20861544281106678,7.210584170434894,0.8500914201038869,7.495422808441911,0.15548783172053987,7.543924298444298,-0.43144781151692957,7.294991884938573,-0.14011731149136591,7.717341335290632,-0.02783310907596386,7.5080671911519,-0.0861601984023542
4980.0,26901.883858584093,9.5,9.175961979031586,-4.133184373397719,8.901477339806629,-2.4785909548362777,7.702754778811899,-1.0221157213273908,7.803477304650437,0.6053974319893406,7.729166109558298,2.1432560492144392,8.121725684660088,3.890899046475114,6.987015785851557,5.547257109834454,7.776548014501664,7.432699476078346,6.744944901862586,9.200813396024682,7.386438475404182,0.5112333745167101,7.346165935283866,0.40925697597634014,7.583607410096621,0.20649284860089753,7.046394367639363,0.20861151980408077,7.241170595960322,0.8486839955213256,7.520199823027303,0.15127830730582567,7.587712825671716,-0.43024894182942053,7.316917269920815,-0.13866496173645015,7.760905814027806,-0.029205600248603015,7.532751307550361,-0.09401289959351591
5000.0,26964.163290877703,10.0,9.22599253859057,-4.175580591663572,8.989466730118682,-2.472474480031947,7.812523843706957,-1.0942226190028095,7.887780125377565,0.5895136248039604,7.738548406354295,2.1175589857780954,8.082385486190228,3.8821643301064794,7.023050829532195,5.615110450403841,7.80160119283167,7.4306567156543135,6.767144821629865,9.227085011375507,7.465485581371333,0.5103750705745862,7.430602027810655,0.4093048805647367,7.6705136311567115,0.20656291765918183,7.133256999029186,0.20528327962441956,7.293235667488171,0.848629328799509,7.614255590521649,0.15150732025410113,7.687875898089743,-0.4335040525905664,7.405789026043053,-0.13218323319284456,7.842070526778914,-0.032704831087560435,7.640150276326276,-0.09490393676040684
5020.0,24627.64879717689,9.5,9.278601621607123,-4.1247512220919145,9.009786896380719,-2.4664581958852536,7.8504408600642535,-1.0955057972398856,7.857144918676376,0.5834197335202954,7.754526863056432,2.1608031155100127,8.156707540152597,3.9172449531845777,7.053477730598945,5.636318614901397,7.857548651886941,7.410605137504175,6.796897760758759,9.158107286402924,7.4964623039324865,0.5113132980021541,7.440477138820084,0.4233914676071162,7.710517478120664,0.20912755577951567,7.163175430757121,0.2075670697104599,7.317727546090147,0.8518158233222476,7.651662179159811,0.15392365409526296,7.726921470766977,-0.4311893656856537,7.43574427173291,-0.1289746852250036,7.886543229678994,-0.033252410949158685,7.681926973153192,-0.09264963576374441
5040.0,24511.677301965115,10.0,9.339587274686291,-4.157482834377221,9.077497541577289,-2.484742515859438,7.857909441138861,-1.0517325876015438,7.995813346364069,0.5811959943177524,7.887488726112489,2.1819716409952883,8.276981891141984,3.9159391017008836,7.1613427358234745,5.5966147956139585,7.903197024750526,7.406762123311528,6.8457377071885706,9.159190371959367,7.564171858784375,0.5077682670846686,7.49500986657323,0.42866107856054453,7.772660945351501,0.20766118224218041,7.20502595670907,0.19684634130884715,7.397560188467679,0.8438124530261748,7.702681595985462,0.14176778108597274,7.756139668260071,-0.43110326133100096,7.484573913449866,-0.12854475050146616,7.981539027124503,-0.03426809596939453,7.730718830081093,-0.09281102229349605
5060.0,23431.858955767617,9.5,9.368837735816296,-4.168775995068212,9.072044959674383,-2.5201742724484117,7.925911831675732,-1.0593274456465984,7.980128978450294,0.6356214147443727,7.917761417928206,2.167438400123843,8.271372612045925,3.942391148296344,7.107939644570632,5.570849133580219,7.901156214076809,7.411348635110285,6.9350321698635184,9.186914456627344,7.605244379115618,0.5068806996719454,7.537142117876566,0.4292716609170135,7.82426084570582,0.20894688100103354,7.232169500133203,0.19013822970406732,7.419316006708255,0.8379342110470016,7.759390862324118,0.14492594880119578,7.804327069635666,-0.42820624621628794,7.542587249441899,-0.12736176256045698,8.022060372064152,-0.03306479932525428,7.79313577512595,-0.0919976529593877
5080.0,24114.936962080097,10.0,9.395274866670308,-4.237937147781746,9.14982932512404,-2.548913315021054,8.0205563277178,-1.0427596824935903,8.032906302463347,0.6399353561835252,7.991149043437436,2.186713993988777,8.350997794621732,3.942882013301284,7.251482876961977,5.586356378178008,8.025544548931908,7.416331763142262,6.963562575684767,9.196814738817096,7.638121683964326,0.5067323201513592,7.6186703983655475,0.4442929492545676,7.867413581421429,0.20812203613244215,7.292729781825642,0.1973375105131607,7.490808382831183,0.8469107816586519,7.807573850452059,0.13935284305896656,7.869753569288067,-0.4283008324392739,7.5928040484984205,-0.11693471768291368,8.058879805339592,-0.031730662277097955,7.851134878169967,-0.09201002692772628
5100.0,22652.802732060816,9.5,9.400296075355111,-4.208510882762055,9.163702808871246,-2.5087239020010452,8.037575930500408,-1.070267189904176,8.111313190245713,0.656249751334473,8.008170485537914,2.2447293261268952,8.389496029866894,3.9828606314992756,7.254178475854799,5.624768687801943,8.067032962432087,7.404206767943141,7.014681238354582,9.164633130967477,7.711093523427162,0.5083860749769347,7.643342702895478,0.4461564810441276,7.916479050650639,0.2092404295449793,7.345525330652609,0.1921517088848232,7.5248889045068115,0.8485900992922799,7.861759170140661,0.139696537311724,7.911220577831901,-0.42792731790489624,7.655122714974203,-0.11399120595219366,8.103991748502548,-0.03033614482571937,7.9042916743141145,-0.09092811618256322
5120.0,21460.252706582,10.0,9.470300166934287,-4.246340335122725,9.19553831220396,-2.5456205788067705,8.0737207265034,-1.0400229177078888,8.099039553547872,0.6944189775810059,8.089818724537839,2.2994062103944026,8.49720388832029,3.961062676744048,7.346257007182361,5.659578963423943,8.123329925653135,7.417541822899558,7.043810450821402,9.205041917883669,7.743095857807816,0.5135630211192745,7.6716099388447505,0.45056560228836273,7.945244766406629,0.21645251243630353,7.35918393951343,0.20096056722344063,7.57407759256864,0.8613539638212393,7.889118106221733,0.13925220358158646,7.938869886722375,-0.4186996064295867,7.6820132498382705,-0.10313298627104898,8.15098431484685,-0.029042013736962725,7.939372580518738,-0.09209994142493765
5140.0,22732.41934490468,9.5,9.586759241747547,-4.234417980415846,9.3195041255608,-2.560615005875586,8.164912298499805,-1.0159038616423897,8.15593511964887,0.7293040121162235,8.114379203778702,2.3165996165296447,8.526417656275388,3.9512965337614476,7.411404987890613,5.628193462636445,8.16811361602149,7.447599686154827,7.078574561262696,9.230452982432848,7.815422905456762,0.521920886937153,7.72593818766578,0.4513607415650978,8.006664504918783,0.2255731801335223,7.43791065657521,0.20904768627379605,7.6157403168000215,0.874450932257734,7.956489021780689,0.14885591204465637,7.991825690657178,-0.40752171289335903,7.779776562588298,-0.08880599918553786,8.218315328274123,-0.02389975417943847,7.992323717264756,-0.08310373134417488
5160.0,22295.853901746887,10.0,9.635797729267392,-4.204752637036914,9.322289720307015,-2.523418503898335,8.19002646340871,-1.0217606229150582,8.255664816553733,0.7775857135723785,8.209349226794767,2.2711349348767063,8.603655446270043,3.976111755595027,7.406593779618421,5.648935718242969,8.212689126028183,7.490979140116335,7.14259481828079,9.214244946135185,7.860775791119822,0.5261176314673585,7.76283147688019,0.46928479244488097,8.057788081566763,0.22832582006533472,7.46372588992035,0.2135669665635299,7.642011395974578,0.8798285903194347,8.006558685206787,0.15521683414130888,8.041413366860422,-0.40289744211515044,7.801715601121162,-0.08569930070270318,8.282701188401438,-0.02736161978296179,8.048757650815539,-0.07997596799879829
5180.0,20192.953497504863,9.5,9.679834270257974,-4.177566503881903,9.403093634657207,-2.452076805966187,8.292791154675133,-0.9936091011664493,8.275813570530964,0.7927280775286893,8.203668296344599,2.225532751402022,8.6000560713946,3.9062601665654904,7.526491215981747,5.6482477231279855,8.251956171380035,7.481906090203253,7.190371526154827,9.238052740430957,7.9284660528104896,0.5441866175719916,7.857354242790457,0.4802894635983468,8.108045113992324,0.24467095297966085,7.5635910171332625,0.23473944226722848,7.696962232460263,0.8904572436033809,8.09277153863376,0.15995512917555416,8.124166294776668,-0.3783870402427448,7.911441299514894,-0.06784224280069436,8.349521652319783,-0.024455579075968716,8.125337034799315,-0.06706067524268984
5200.0,22034.348164831645,10.0,9.765357320278298,-4.145637765687561,9.459109793608555,-2.4083986735748555,8.334334366906345,-0.9340818991903003,8.358134841694888,0.7359205587146709,8.249051088221877,2.2424935214572255,8.639904084200243,3.9331110550290824,7.52257342280453,5.6658859576473635,8.329974381366853,7.509740527687812,7.237570827599031,9.247728371547252,8.017071319655091,0.5476212244943958,7.881460164307484,0.48079726804649703,8.186966904201531,0.2501141069778716,7.637411322881969,0.24120860152008325,7.767849308954058,0.8922137608777139,8.168235715016262,0.16590361772390078,8.21340542644408,-0.3745241294810893,7.983802833485685,-0.06504096285155625,8.432376235359238,-0.022838269084301133,8.203772666902907,-0.06322218104795
5220.0,22011.244463600022,9.5,9.793740531606705,-4.116706818192439,9.510430377456846,-2.4457836315959716,8.332640762930195,-0.9624506469335241,8.382100525459713,0.740305077077186,8.331623188371234,2.235022663441838,8.638810051479506,4.029908502192409,7.581018099959823,5.698180361693901,8.314512248796666,7.510969735325287,7.245926488746375,9.254729024316385,8.043165324653815,0.550779413307151,7.91781012255434,0.48645353609450465,8.22575059973614,0.2492251946545257,7.67669005336236,0.2471071141812115,7.822245813385033,0.9014945235358363,8.207277389830121,0.16091827121780916,8.239734405271456,-0.3728469342005865,8.019599517708176,-0.057755082552732206,8.47662254251791,-0.021237220361285412,8.22134479082902,-0.06832504659145125
5240.0,21796.773004747687,10.0,9.83635917850877,-4.131520861734777,9.537688049248231,-2.4146790553657933,8.332603070281047,-1.0135242911154834,8.39543242518303,0.7647616062726859,8.339305631512712,2.2430533688694703,8.687994379738138,4.0943908189571605,7.564885126074809,5.6892201018883135,8.375520185863197,7.502489867038603,7.268296745047328,9.28102164054871,8.072878872148488,0.5432914416353978,7.921174694564665,0.487020238972902,8.253760698309243,0.24641714074852178,7.698071695594545,0.23876353620394455,7.837243214470517,0.8944643671042225,8.24746009915817,0.15434337779973104,8.2661770245246,-0.3808838029769301,8.053499654947803,-0.06204920699527787,8.500796730081987,-0.024098105043653263,8.261714219337536,-0.07502293755331928
5260.0,22342.192381569963,9.5,9.90549560079668,-4.142841726150641,9.620278307644337,-2.40543234372027,8.422863944769482,-0.9979061191644357,8.421454974274784,0.765131113609167,8.393730190387869,2.2895317782894926,8.754024451471045,4.024184704410912,7.636599727962327,5.651337022041914,8.380664358676185,7.536038980929355,7.263936566227133,9.315099278720556,8.100936957094019,0.5444643731543575,7.94250898534241,0.4969284690653183,8.286856207518657,0.24684757947570596,7.73348010907935,0.24261771584685698,7.872432848962684,0.894890951035294,8.268388504709074,0.154939081124226,8.309833527988099,-0.3767830480609974,8.068437545114415,-0.05631939768805376,8.532924419148669,-0.023748563170990233,8.287894888662247,-0.07968571988155686
5280.0,22777.37765600346,10.0,9.885895633093336,-4.15346242550488,9.601850778426392,-2.4042246945606096,8.444235083499398,-0.9923430516117774,8.4785084265503,0.7588796541855353,8.409808939766457,2.304481685841653,8.800136819419242,3.986759673624688,7.627437776044114,5.701865200843104,8.346542625927835,7.536622886735555,7.302795083579942,9.286973661793665,8.142823527260457,0.5433085041168466,7.973116423180086,0.501145586887809,8.339716091320154,0.24331720918300687,7.76672933250565,0.2434926830117404,7.892791687774573,0.8862606574312496,8.326330863556809,0.16308352244094934,8.355803071828515,-0.3712054718971476,8.10765539969225,-0.0537995128735715,8.570009342505251,-0.017586108234119456,8.337836847677796,-0.0726218127936475
5300.0,21682.021610995613,9.5,9.912624027831964,-4.189496654588554,9.645995354817458,-2.4095167509972635,8.508146510060836,-0.9336083656278884,8.544273653961698,0.7721501859596582,8.467436141227349,2.2544388062665233,8.84934288676926,3.9898525361173247,7.713476275600266,5.734948405989642,8.415239467055732,7.528373709623521,7.324115966063671,9.276327827052018,8.173481552093872,0.5529570291866246,8.029415243362504,0.503605545842965,8.361119349906751,0.2504391468260812,7.794923416189472,0.2575955662098944,7.927506508725334,0.8968089992505872,8.349132679141936,0.15270821882321606,8.37676123514951,-0.3622214286698999,8.142940979921525,-0.04169195393040518,8.610874905145376,-0.0169144630028756,8.3594018284361,-0.08183372726582924
5320.0,20667.923328984478,10.0,10.02461694752973,-4.15158431114596,9.71432837782742,-2.4856690062285005,8.57889251181568,-0.9195601638894288,8.601267481887044,0.8132193593289209,8.505830473955493,2.2783939284684434,8.862081790209047,4.070414192441491,7.728740785375993,5.677898128336842,8.43969834224655,7.5291738578003,7.380145873523311,9.3076845698081,8.273016466147807,0.557858237796813,8.12048660505534,0.5101806857152307,8.458992067618311,0.2560385285983934,7.9022524909538046,0.2682240383448263,8.003997432348326,0.9044936505252421,8.44184690757044,0.15475899644340937,8.464227387728961,-0.35688536672369875,8.24000726473581,-0.03448746577717169,8.662862778603513,-0.0037410207719708265,8.445430748815491,-0.07892517423518493
5340.0,21830.070095577943,9.5,10.081736498207073,-4.121594717133267,9.771406393588503,-2.442720893456348,8.591379779656254,-0.9406169130076272,8.636392991438573,0.8579244217645705,8.618775067282396,2.3015573434189527,8.952385645107643,4.083928736645047,7.746793114135822,5.647904162300595,8.548870154918127,7.461530282583209,7.489375232904226,9.239992205434879,8.300392110240722,0.5567015221469125,8.149266091283554,0.5152747455358188,8.48780006021924,0.2550877722649746,7.929963033319358,0.26164454766292716,8.050319182638846,0.8987653254176384,8.460667868924727,0.1547652962227237,8.49071075474829,-0.3598626560792071,8.250084443082757,-0.026773422999012475,8.699729948596511,-0.0021516220206606153,8.467143809956237,-0.08093322976432205
5360.0,19838.613327950017,10.0,10.153323730107653,-4.165528041598724,9.846023321062367,-2.387450400259947,8.672505525795664,-0.9462842625376944,8.667331684597603,0.8282668089354368,8.620668568145373,2.3661930463809493,8.996639771683004,4.030265157281214,7.8241451727098665,5.678606486057035,8.587699091458996,7.454412794926756,7.55771748433676,9.252254668876509,8.313296566275634,0.5571058648939581,8.207090846044284,0.5364195013646432,8.502306118040737,0.2561856014930795,7.995108859661613,0.2831640529017952,8.091271867493834,0.9292313634247016,8.490714416236742,0.152494075332433,8.518632895613637,-0.36338903659124266,8.30913536339593,-0.002757423156154193,8.737390165868842,0.00690432104027443,8.503366215794376,-0.08531818630212892
5380.0,21667.039576458115,9.5,10.219457059043828,-4.117313294202406,9.909029777792487,-2.3971973480733557,8.738690413193563,-0.9419126769495387,8.737468949428246,0.8141671208820682,8.656520244333443,2.351301646782209,9.055127326123618,4.006953943722303,7.932724824946898,5.683809012338383,8.624157681134479,7.494234226341419,7.591794456325904,9.287728250344284,8.360508087351564,0.560855416880054,8.225479457090707,0.5375131330545142,8.55468480370718,0.25988638800820685,8.052709977203149,0.28803761791648474,8.140530292111825,0.933140853239341,8.540473517421685,0.15777590329064847,8.56887746720701,-0.35916482688091833,8.350305331749713,0.004367546521043852,8.79548151539261,0.014521638157557294,8.55963170658534,-0.08161391531709428
5400.0,23334.14955264639,10.0,10.27598828688092,-4.138600110903637,9.988445146429177,-2.4067416212182677,8.805662664217516,-0.9305161995391119,8.761120510903222,0.8410604545402235,8.685561915930181,2.2734535207966786,9.072320174563671,4.0139161353458945,7.981729174977298,5.700227908122017,8.6835176496912,7.476355339252319,7.64500454118451,9.223299935127635,8.398937061625343,0.5556368818768183,8.303185129967463,0.5377152235932235,8.591157659162421,0.2518229605295551,8.120297897132545,0.28222769166419165,8.194859677189722,0.9328659031359186,8.59171714603141,0.1435526155443898,8.62265654384448,-0.37200112445529215,8.417797693086069,0.011695794430911132,8.861311875275593,0.003452042468693417,8.623038995101867,-0.0931691943032055
5420.0,24594.539280765788,9.5,10.335774819486513,-4.098541938347926,10.005009070782673,-2.4119217919398217,8.843962723924871,-0.9349348835744692,8.811386454218743,0.8231257519834576,8.735885554852802,2.2749698821741573,9.043375144416856,4.058046307511832,7.954060065865036,5.686585889494274,8.703243569595255,7.453318680046111,7.66597248275301,9.271991739864294,8.4582986408043,0.5561258615556105,8.319357933824278,0.5423306839151656,8.66217045483852,0.24775230872194562,8.173854535269879,0.28383662538372,8.249000445368308,0.9324092251944262,8.65302730201149,0.14458905534868788,8.688614911985654,-0.37116243371150087,8.477945945950282,0.017507168445341927,8.919376019282913,0.007935492584972703,8.683119649730315,-0.0915592616440876
5440.0,23939.506233783446,10.0,10.371467002323538,-4.1368539068494155,10.102176764461683,-2.3935556300260687,8.939215391986387,-0.9017740000351498,8.848713668832692,0.8333391603849286,8.78787451453251,2.3147772348724613,9.127940136896456,4.058367354525492,8.039278751364305,5.69164066069901,8.782508084655692,7.465078351928429,7.685273618357442,9.259180624013217,8.481189764457717,0.5563693972111132,8.360650045278442,0.5477354026234345,8.68033538408741,0.2490973305640634,8.2172017241842,0.2880790795601081,8.296919740294703,0.9405974987849118,8.6963982054957,0.1488700433781922,8.712265102991866,-0.36882727632409096,8.5044220398309,0.02328875328208082,8.97418255551656,0.004571184386621963,8.72415391311401,-0.0898670587421598
5460.0,23944.973814709843,9.5,10.4430613903948,-4.121960896775865,10.103521396305734,-2.3595343702640585,8.963863046240403,-0.9240005994024514,8.911389886830474,0.8386504187355275,8.81385445991293,2.308646166505159,9.155772129407277,4.021443587155096,8.056972838969983,5.736125659150105,8.816362941683646,7.509932112837609,7.746094141222696,9.215626964508148,8.53655594068338,0.5564496930628792,8.398630810080002,0.5552770856440776,8.738135024820405,0.24470058331952588,8.244635171293782,0.2891739186367829,8.320314484810353,0.9345682127190604,8.74320603896403,0.1506152130546133,8.744532763464589,-0.3587944347520186,8.55275635767569,0.025197496460849168,9.002651812849232,0.007843031364650166,8.774343928051128,-0.08250406381258837
5480.0,21901.55400690155,10.0,10.4896314164404,-4.081994912359908,10.191155197547351,-2.373702292599151,9.025390476625047,-0.883788109687746,8.96164569550494,0.8646608969687819,8.844334612806808,2.341003613074981,9.246424474644712,3.9883242226998816,8.119729523633072,5.7135323040626735,8.844099912529066,7.516537603285961,7.7850781809795375,9.256029283689204,8.564339373974398,0.5639306403509117,8.40961714191766,0.556952937546656,8.76782214478713,0.2535122057144152,8.26708307704754,0.300133090509055,8.340442468124285,0.9444804352338597,8.771338878813413,0.15451581400924666,8.768887029734653,-0.35294345333722976,8.578644646931158,0.02978455464045332,9.04353186534415,0.014097582859012792,8.791615148237488,-0.08196124134348355
5500.0,18915.33227418208,9.5,10.552159877813185,-4.07742073087177,10.22400158754502,-2.3992722535798445,9.029444854928116,-0.8437407078604935,9.00359870130969,0.876621323104696,8.799622552282695,2.339724133573821,9.240056732543867,4.002654124130835,8.15469213382976,5.658058154854081,8.840763917997998,7.505014804022752,7.740968799515533,9.326533576693137,8.597393274286915,0.5749435487483192,8.439731228087025,0.5668792679271992,8.799866087732358,0.2644740978867595,8.310610245313232,0.30736619838712104,8.378816936559733,0.9493562153575971,8.804705688445882,0.1657192094497914,8.810045281482155,-0.34228669789562555,8.610095372156916,0.04687376020897201,9.061437532943108,0.02285680736308615,8.825097325711898,-0.07300881141441903
5520.0,16727.424821273577,10.0,10.58802168900002,-4.065871078621763,10.216108145162355,-2.405406506959153,9.059519278623977,-0.8742746662235519,9.049410208369025,0.926645131382393,8.879882649125854,2.2910341764148967,9.28288962728451,4.045978915093428,8.16650372245731,5.695675567963746,8.928482121325489,7.5551507776013285,7.888241365788625,9.31416706036298,8.62231699074275,0.5813924427007308,8.446770227945304,0.5812943849841197,8.8293709967861,0.27252751792618357,8.34476607463591,0.3101801111697601,8.411041951201131,0.9498082743529561,8.82576327860097,0.1704057259515168,8.83609808468358,-0.33512354645814824,8.63452104249541,0.0498407620536798,9.095303011000814,0.008847576340340701,8.848611653823372,-0.06806848720559726
5540.0,12482.662581124525,9.5,10.580202426875712,-4.102037372233246,10.264620205666477,-2.306534470687356,9.152539009201147,-0.8785325212688712,9.072853179530524,0.9041505774295941,8.92707385493305,2.28985533581629,9.286502587111267,4.054667657863477,8.256685347033615,5.688111352987035,8.986867308554356,7.545505864877613,7.946778356192462,9.272028060432238,8.691254730844594,0.5832625169190695,8.518329664032771,0.5851950777494523,8.889054699433975,0.27814547002334267,8.412137737749566,0.3187129922061815,8.457892078077553,0.961541387802049,8.88828189062862,0.17686378632165747,8.903845714578663,-0.33276353500859296,8.68772312936767,0.0567000468458851,9.129185180754193,0.011834323192136809,8.91086504250727,-0.065887400765539
5560.0,16749.596497060444,10.0,10.622839112165583,-4.010631592674653,10.294349047052275,-2.3099494250977024,9.191429280296067,-0.8669745985298309,9.132916870787707,0.8356429008644289,8.962222906410656,2.305067355737866,9.338593567229776,4.040740034187495,8.283200716969615,5.692440244789044,9.055356599232045,7.514644945361134,7.922256691114129,9.27259676204839,8.729024002153384,0.5933455606127088,8.528556215492102,0.5876619373960772,8.925892010806283,0.28912205737634356,8.440049280306603,0.3308570736011899,8.485791967124403,0.9727672445944447,8.934702765844118,0.1898319854120678,8.944001307918311,-0.3216560015563964,8.720053989565425,0.06768170220837674,9.176434196094808,0.014076627810137677,8.958566365347453,-0.05294038645212136
5580.0,18150.602014243246,9.5,10.672698433299809,-4.079875726578101,10.34967581197717,-2.3649362154571656,9.195579392693418,-0.8751826945967774,9.178719432267982,0.8521783501693424,9.040200370359702,2.325304884012948,9.44303873164455,4.008946020927519,8.387275447704415,5.690644153143405,9.09814852507931,7.5058056035230845,7.9797997155618265,9.298235246323854,8.783971207832924,0.5977581440686234,8.594332268662917,0.5968048387072951,8.982522990540781,0.2880674941393415,8.491738231936854,0.33122809758041755,8.562684286003702,0.9724338493370525,8.988145828422788,0.18332899484264803,8.99196526931212,-0.32074272454096686,8.760592080822857,0.0727115045748368,9.243838561710287,0.015028666471424512,8.999829866737805,-0.05878263716683736
5600.0,19511.695355010204,10.0,10.687390925284557,-4.051835172052725,10.359114660030178,-2.4186683333809875,9.15430297066052,-0.9092988659048453,9.168705714590233,0.8997127481014913,9.107768409618675,2.3003026637890107,9.492844183824754,4.079079659102511,8.376008187590323,5.70064826636464,9.083021062179744,7.5357140187110065,8.000800051692678,9.286260956397596,8.820222740754188,0.6018718905634316,8.613891173084623,0.5984574080470556,9.022474088049384,0.28970577102537354,8.520701659295318,0.33278229808052384,8.583085262224703,0.9729651243638152,9.026738787164536,0.1850479742969675,9.019727318907233,-0.31973044105300347,8.78783713735464,0.07503358287711939,9.288649868952417,0.014272692940935361,9.02915801056179,-0.05619060873228028
5620.0,22048.37692539871,9.5,10.744238817617894,-4.10479098247013,10.408177833118591,-2.3979351909335045,9.24221236822358,-0.8680297016760692,9.198816771583612,0.8973244718503196,9.123279943078156,2.3280986885320902,9.537084377409274,4.062371496090713,8.449962281275434,5.686666642040335,9.106914177108973,7.575946828323346,8.030623229194969,9.339158075564473,8.855718794271395,0.6039800299005794,8.675947730138684,0.6028562375857338,9.042411056394823,0.2928198839590022,8.564019006612261,0.3340222068440054,8.628059916111184,0.9730743725058162,9.058160351792267,0.18882063147387249,9.040855643006049,-0.317183166132866,8.830066100309145,0.07893906133274613,9.309281425523775,0.014516418019525745,9.060301341630352,-0.05286255433942637
5640.0,22600.6707181069,10.0,10.736419241485569,-4.094133277417063,10.398171297819152,-2.3030185785811703,9.30655538809671,-0.8766539964918231,9.268663661575156,0.8695418777006036,9.13312886845009,2.3599096742576107,9.543468914522247,4.092297718173889,8.527819981458869,5.764777529131957,9.15029894298967,7.601314722676373,8.028204490308905,9.360851526694283,8.90068307845888,0.617416480319999,8.710246807187335,0.603108326024562,9.079768361656493,0.3031214582614635,8.615836790465464,0.3469543804840534,8.665950625266287,0.9846147406281022,9.095557302066528,0.19867154114472801,9.073641660456257,-0.30671995869687163,8.873636966382824,0.09294426944876866,9.344326845924632,0.015762769121138144,9.097907958391083,-0.042534881611105614
5660.0,19211.37990890786,9.5,10.825401103828359,-4.035802712883557,10.472433514034353,-2.320930355902032,9.34060334067078,-0.8876694707376785,9.297449001625704,0.900576937193652,9.251738017044481,2.439882762786725,9.602237239414501,4.136749003678608,8.527467706271432,5.804625725200685,9.198179642137978,7.59805358255376,8.071697650804904,9.32984115100685,8.948416457659192,0.6177274205262197,8.7555684460713,0.6037046495071777,9.130381084639502,0.3018971139093846,8.657348024065966,0.3474414412972661,8.710568168670445,0.9862203316695523,9.137961104641212,0.2009080277588541,9.13624839626507,-0.3115772393001349,8.914304570806996,0.0997853420344615,9.399611848763962,0.01829750275694477,9.148146114030997,-0.04133977772348056
5680.0,18074.11709920904,10.0,10.892429187290102,-4.0774708372542445,10.540476908531764,-2.3900099024899752,9.381626177255269,-0.833009443804332,9.33271082887026,0.9416434064076981,9.26807552359827,2.4416852734695462,9.632463045276591,4.149981529024943,8.609729292702639,5.768273627750182,9.21945703322849,7.590422016780982,8.080687203163693,9.365592355655513,9.018506855456469,0.6195408851260825,8.827431287718031,0.6076203590749191,9.185257476437657,0.30932546556745705,8.72336880000719,0.3518863044593716,8.785073207116733,0.9923107966830743,9.170762864294051,0.2042885581265132,9.162444636793209,-0.30589942352390836,8.990295879457602,0.10837012566443496,9.443375393726598,0.020209952963744726,9.174611856579554,-0.037152126870196776
5700.0,16278.87313356068,9.5,10.89747531405925,-4.079044976466412,10.57410551121522,-2.3754435589181657,9.39968983755113,-0.8270917357517419,9.416418784698418,0.9962673104886639,9.328024097177378,2.419209112175193,9.690274897355405,4.134118013776857,8.57139056139279,5.776042894871613,9.246982445748868,7.617933855253244,8.169134885119629,9.383300462970132,9.052071402931135,0.6407091303562084,8.874999205793573,0.6115845145126696,9.221664377686066,0.3299865038460678,8.747247354414792,0.37028527325782273,8.81831545595603,1.0078659356964343,9.220096819804557,0.21717619818202943,9.214046128241783,-0.2869989991114096,9.020185368124677,0.13397504909773833,9.496127661322882,0.031602828932059276,9.236850096758518,-0.025694775071500954
5720.0,15109.602639215294,10.0,10.89255324192438,-4.100488667202664,10.595215574955237,-2.317351079476654,9.506751994633383,-0.7985264529641961,9.457934074362564,0.9691206119856496,9.287702050666653,2.4338776347941553,9.69121902989502,4.109271967173492,8.66321405730462,5.785548216839839,9.300756417169943,7.604931226520483,8.205162385482376,9.32855468261203,9.100063278877872,0.644118811398884,8.957159308970793,0.6163831861971658,9.26595462260516,0.33522071557185795,8.813803162725605,0.3737970802560387,8.867552390801048,1.0089412236250819,9.265290769155913,0.21989149138032427,9.258169383578378,-0.2786791679593744,9.092590212821943,0.1353850499886454,9.5148007074338,0.031064641839514563,9.281643212384889,-0.019495801771821152
5740.0,14581.335351856509,9.5,10.958959542686237,-4.045675563046283,10.650110523306518,-2.272320074049124,9.588180536668457,-0.7893126633459919,9.543527922821365,0.9622460992343601,9.362342663537177,2.445483097532397,9.7517294207566,4.109587951759346,8.716404825438644,5.736591587050638,9.358279282375154,7.609229948881885,8.26059653059623,9.357130654807362,9.138148717142602,0.6477972566691343,8.973193462986114,0.638306738428818,9.309595663796411,0.34187669498276346,8.860399613776561,0.37975852432396284,8.915851060080183,1.0164025165409598,9.31696912777165,0.22920535727761857,9.3145745246225,-0.27335779281906103,9.119335107945814,0.1352850118392968,9.572619291859382,0.04176272299887176,9.340848352883594,-0.012179318572622843
5760.0,15343.278922166213,10.0,11.03025589324989,-4.010726755924697,10.715078047417283,-2.3456995648074135,9.622736024699751,-0.8295819713279968,9.548411699447644,0.9834031269456002,9.411908164600115,2.4900010625860762,9.777284681979012,4.090142977374397,8.741979486679503,5.752375313354558,9.388973107794765,7.598991442608673,8.301600613714346,9.33719856121165,9.182467453999504,0.6489033412525416,9.002584702875001,0.6373229542741281,9.359857857487771,0.3496183497491322,8.884809305104326,0.3837152176164027,8.963354576954291,1.0228379600053483,9.34737636977549,0.2332514183623351,9.343251588704225,-0.27335347517491637,9.160077816414026,0.1307496439926075,9.62151615465044,0.043288711253364,9.3826404386482,-0.009206792904915106
5780.0,15041.950251135775,9.5,11.07319218498966,-4.051851880223713,10.764452763239015,-2.3643099591318126,9.619104025288266,-0.8359233283601574,9.548801962200411,0.9973296439554995,9.490509872430625,2.4771914755905238,9.864117065885003,4.138711336890054,8.758682146242503,5.750988593640094,9.458132968550341,7.5628770845556215,8.318417426981119,9.315289718756443,9.242332751361813,0.6534870619227149,9.051828184102247,0.6492533436381214,9.431122075518342,0.3578652498419722,8.947471371384117,0.39003731275556236,9.0335765000836,1.0274791599624746,9.415398413815026,0.24009681426671756,9.401707001580942,-0.26931958319230725,9.219740352184882,0.13171127547276051,9.69373636351582,0.04690097019968631,9.441060387330845,-0.00683458578406082
5800.0,15777.329161373238,10.0,11.151303912544076,-4.054946611185917,10.861704110704313,-2.3361126986166627,9.67280941759643,-0.7787592833046785,9.610208289831196,1.023572590986034,9.545623168516062,2.4725955723548148,9.892892993674845,4.119937160796576,8.82792195467422,5.72149984030596,9.490252890540042,7.556242786090595,8.334590043272561,9.365068211393417,9.278029857652328,0.6577547665607195,9.11238769319472,0.6596812820076353,9.471309354813787,0.362605478882324,8.977599026835792,0.395474677314046,9.070449069771678,1.0329546988642992,9.477079836311812,0.24598632032008688,9.416166806444778,-0.2663608072798035,9.245775827124543,0.1442596929230648,9.723816622417706,0.05262785121992908,9.4851399099378,-0.0033122913528348618
5820.0,14414.427473572505,9.5,11.169296166591739,-4.049047140714153,10.851240772396192,-2.298041541006941,9.768227865274882,-0.7441381996103317,9.698443974123451,1.0198303421448212,9.548428523316458,2.4842614509466476,9.902715744107592,4.125537274503701,8.829934216049505,5.783047619495472,9.518534510027845,7.525787249145317,8.437466424164219,9.307521469098464,9.375829396410678,0.668008509489266,9.167806520314631,0.6668247726992409,9.55081703022675,0.37365743938780643,9.059413516755203,0.4148486208580483,9.155050556134151,1.0482720168786606,9.559223033496517,0.256516080181881,9.474698749734365,-0.2561716151600889,9.341950833418037,0.15279236960608986,9.780350378610091,0.062096267736893515,9.562895929190423,0.01009558811404836
5840.0,15023.303013299004,10.0,11.238583344279117,-4.0068415220911175,10.895291561014247,-2.258165514655399,9.809986638895584,-0.7305071554435736,9.72946570450189,1.0247021512323493,9.664741962685028,2.535689466031894,9.995334237586876,4.169242557420789,8.844109841660899,5.826287546309837,9.577333593278597,7.523274668117399,8.538948364577127,9.29776719017503,9.411280349867981,0.6666901034104081,9.18726322328031,0.6786323602556699,9.579102117753074,0.377409390935727,9.08554002598174,0.42112451348390234,9.184653819995194,1.0511902875115815,9.577679502426143,0.26300160820617957,9.512976750895016,-0.25297859243893417,9.367917124018048,0.15059793841401503,9.826111490845511,0.06697033448694785,9.588183185487852,0.011996553372311824
5860.0,14265.301843722686,9.5,11.356860055278503,-3.9611173562857553,10.975576255736943,-2.295698997616392,9.83518149729932,-0.7456197065064598,9.750600977965615,1.0387750416347938,9.68471504888919,2.5720959222449062,10.008941371474148,4.205209615650039,8.88385727846645,5.789749196298043,9.599029364321634,7.543902022975092,8.566569294716787,9.323432728620734,9.468686848244008,0.6701257934578623,9.228431493965177,0.6898342402909411,9.654777419077657,0.3834630011790031,9.133446643756333,0.4214278807220725,9.24693349466082,1.0586264902898364,9.644603601532292,0.2666074928496388,9.548538332936676,-0.24754398474823822,9.438159513774947,0.15018838894760034,9.886228191283482,0.06933379922029584,9.640755448172316,0.0164237287435685
5880.0,14634.795099525523,10.0,11.37574412277933,-3.985443178489992,11.026474397344824,-2.2984948768609486,9.8341833240522,-0.7358624678350127,9.820832647693955,1.0606323936217392,9.700357045805145,2.537417718187355,10.056073634790026,4.197585319112777,8.929521259356488,5.8074140630380136,9.695574779382506,7.5484470127249494,8.636687388090936,9.345809217098708,9.498562772168992,0.6761730577897241,9.242365975522144,0.7023514783571075,9.684099295278344,0.38980771607740505,9.16270873755462,0.42806780633332664,9.272462051836694,1.0634495906910981,9.67500277400147,0.2702781033634246,9.580446688891039,-0.24213135619915588,9.461058501656776,0.1571910026915741,9.923247620326524,0.06867977080741557,9.671296612702069,0.018753312257785114
5900.0,12351.559769400721,9.5,11.385859701971413,-3.96521432165533,11.03598825440572,-2.2184292839887605,9.9045810873094,-0.7195722599986395,9.855601011265552,1.0322043194597208,9.68393323754423,2.5189863530271843,10.07762455333793,4.183151313555248,8.993191249495787,5.795032466611827,9.755557367889077,7.537167439655119,8.676335956390488,9.321644346927474,9.511343417670554,0.6800353145789536,9.268048304971767,0.7142438998971601,9.698761832008309,0.39402376060978694,9.186216370476995,0.43386960907199085,9.302815156471032,1.0675032934978421,9.699873066858585,0.27589592696667176,9.599650674997736,-0.23859720980997934,9.491707698629167,0.17240278111396362,9.958862842253051,0.07189416535971023,9.697430100923864,0.022531268796392823
5920.0,11763.723678229386,10.0,11.4593830622114,-3.8784283971521405,11.073065187449407,-2.184401029192336,9.984227792403821,-0.7185865426162186,9.931818800947273,0.9811948737960664,9.738728246978237,2.5267670796852677,10.104611694055343,4.216103226017394,9.01138649685512,5.8402001538876345,9.777371467946306,7.582299727410559,8.737110546692797,9.364005751006912,9.557735379241695,0.6797161269131418,9.278950708632966,0.7154550320490684,9.759336635935828,0.39679297755578513,9.235448110822684,0.43777859224429533,9.334108527925682,1.0706115792087563,9.753044799000223,0.28060765337031457,9.66125868530241,-0.23417091299355813,9.53778549275239,0.18050009099429082,10.024325332307589,0.07185057385754556,9.748657259423467,0.029287109274545742
5940.0,10244.826883388248,9.5,11.521736476139811,-3.905472603612162,11.17093159203508,-2.1949076495755704,10.042057794302352,-0.7265370271896009,9.957884470888969,1.0048576810844074,9.821623376795483,2.5715814523737954,10.133865706060066,4.219035332496265,9.095965205884882,5.83284663521116,9.847822730164625,7.560258196294127,8.76664096095275,9.329582238475012,9.640797636184105,0.6927179939972484,9.343104089600228,0.7147152338410586,9.824571398532065,0.41030378993873223,9.341077703465109,0.4496792432711719,9.463368019089957,1.087128482552278,9.802995097679206,0.2877210573496211,9.705986396885908,-0.22928866903493908,9.626596406036334,0.18667221606632847,10.118039265046747,0.07467309158801734,9.792045217704539,0.03480828350835079
5960.0,7561.9445071552545,10.0,11.567161870762565,-3.883706702490695,11.220382011502062,-2.2333162724360562,10.060452393604496,-0.7657026938532556,10.0124695272469,1.0356263235498524,9.857959714032532,2.5447462454173544,10.16390475775094,4.243554932422919,9.073625074142184,5.886404002742373,9.888259168879822,7.550772642326995,8.840385881504437,9.303117708902748,9.663769134540413,0.695166618888629,9.36453507966404,0.7163496934537115,9.858543021437196,0.4182791038194284,9.363366984324974,0.45511842681605275,9.48574992996204,1.089737770468844,9.847161701301733,0.2969590780052584,9.745447159541555,-0.2208017052350731,9.64645469929835,0.1904812389950914,10.15110653036163,0.0793747518207069,9.843035731076807,0.04269706411857257
5980.0,4839.529855908217,9.5,11.635901050116257,-3.9582581743065965,11.285963653910752,-2.2636997770665355,10.122555588607305,-0.7287226159314845,10.043475734614614,1.0470048732147375,9.871863131843057,2.528019424851032,10.223283883812242,4.230659027956217,9.206792773848829,5.8744648482318755,9.96668114994318,7.583549516501809,8.90628597539513,9.34090470272274,9.67746202647348,0.7104112808983511,9.38842373297564,0.7206414211736973,9.869072386953096,0.4277254639573167,9.379967810330099,0.4660884970381799,9.497025842782618,1.0984161540108686,9.872702131680938,0.30267962645377666,9.767321896281738,-0.21235127922597136,9.658089265307872,0.20081927461593305,10.182976889125728,0.09174178212823614,9.87343078482078,0.04973531480559967
6000.0,4918.751366602239,10.0,11.623298310780752,-3.9169895335155642,11.304255398422292,-2.1939986448288336,10.204654821604123,-0.6647095385216143,10.092493414599442,0.9929706092624947,9.870074988048344,2.5663336509082972,10.234876444417058,4.230975898984925,9.231037107089206,5.884860156947528,10.02960286381516,7.6257742737496645,8.930716618166242,9.324919065094564,9.724097553379,0.71528603624326,9.435492144794567,0.7279274392493439,9.903284491172613,0.44020886003414306,9.435959658546341,0.47497222625755225,9.55932536395249,1.1177306510984715,9.924672488507579,0.31350959254602584,9.79351560763303,-0.20292218511856883,9.735469372192258,0.20959111590250495,10.220093950012238,0.10352571381053507,9.916338205410995,0.056251083190918205
6020.0,5191.219266928064,9.5,11.667061946313265,-3.8698574667061543,11.321462559179682,-2.1441394729628036,10.223902983963264,-0.7007038878583959,10.134504717593355,1.0161348070671905,9.978342789951748,2.552676517737233,10.318406818371518,4.250943520788828,9.294274747195953,5.940654234134621,10.069009325781433,7.625227706404521,8.979914532410719,9.384952341750507,9.764597540040919,0.7194951580145297,9.481189504502078,0.7494709518204401,9.959302732808357,0.44766547953799163,9.478055917608938,0.4806174726870361,9.60198619109739,1.1227423097992413,9.97310571301101,0.3191692083222321,9.862202789465151,-0.1968588931199266,9.768708054301174,0.2157230850979314,10.29121222720318,0.09931661907861974,9.97989215239789,0.05986690511462696
6040.0,4401.230407829053,10.0,11.774558679719833,-3.9237047494196973,11.403454940855587,-2.2031396447520324,10.276168640210027,-0.7618747445651113,10.172564375286075,1.0198273429635052,10.008089843332506,2.5271213159841106,10.339072484878074,4.230960591547106,9.327348136026163,5.870616580184176,10.042878475566607,7.592852469754223,8.942509439975623,9.405885191472823,9.789958934982717,0.7230294720292871,9.505824175066156,0.7436766169354032,9.990254774328694,0.4501700326467219,9.510168798401585,0.4776326184495602,9.633830437841722,1.1251468884921334,10.031928033754662,0.31308699859353034,9.883241718910018,-0.20183344790742352,9.822912844194411,0.2097292923054792,10.332556571262424,0.09046226280140786,10.027745490225907,0.0555935199227239
6060.0,4338.44501277987,9.5,11.816416234803599,-3.9249413244728544,11.43426534131895,-2.2528535461054524,10.29694399353193,-0.7185454833689832,10.239739874989434,1.0129136974312183,10.068745156029234,2.5185504478004717,10.354234346739286,4.210804732742889,9.34051129561718,5.886560012326029,10.125697984802118,7.613598431778739,9.079946688863078,9.384998950474357,9.81819354424323,0.7266760471249878,9.543164783274726,0.7419410210841655,10.01411498766806,0.4524662916466583,9.545262453429249,0.4883811817698332,9.658368950718211,1.1363488798383483,10.068144162434773,0.3164398441428702,9.912138981096113,-0.19999792278858683,9.841069285090274,0.21171304189638945,10.369726592859493,0.09372159518092453,10.06279060689767,0.06097239878909129
6080.0,4368.183173224303,10.0,11.834434209428867,-3.9408659888449526,11.462402909259382,-2.2142003160033377,10.355584759001955,-0.6813756743187493,10.278189824860807,0.9977781847692617,10.112157125124252,2.5302222552693827,10.466886179024806,4.208509399898621,9.42457552368018,5.852225874751056,10.166878639869855,7.602176878192725,9.152055172762688,9.348486219281146,9.832377817145908,0.737504616414617,9.611857313413271,0.7802770560339753,10.02883390830712,0.4568356662437645,9.57316897928984,0.49406583783669433,9.676143392629733,1.141618742482645,10.094193002467643,0.32336840697555636,9.947330253554655,-0.18953588364436644,9.872783078268046,0.229363163070777,10.385733362546457,0.09862293970216798,10.10483951820329,0.07742979584607527
6100.0,5180.37281631798,9.5,11.895963571209684,-3.951071135714744,11.510003205578673,-2.2316039325301005,10.416874555634767,-0.6880344538281981,10.358903792470668,0.9838241694678815,10.168395588553404,2.5611125990497783,10.511343895259989,4.205080204532047,9.460824894876552,5.811944503728855,10.213677043023242,7.598107465459987,9.161047431838686,9.36130845666597,9.881754432589783,0.7413976835712768,9.641571129261914,0.7878809829778797,10.090364340844413,0.47707571540363897,9.627226983543604,0.5017476012342932,9.714710473282471,1.147519864925064,10.16434701113749,0.34398634371380854,9.998044717244378,-0.16822164302652282,9.923402677941269,0.239559028555672,10.455172840290976,0.11441338820108286,10.157888340175244,0.10148354652569118
6120.0,5920.863759742055,10.0,11.946123849020859,-3.9653355827385814,11.621457284659332,-2.287930672210339,10.48609946168742,-0.7410508452451452,10.370672048458013,1.0136555720478866,10.235987316275374,2.5432577191079764,10.585487620588435,4.18062320646653,9.49720429880882,5.84342949398841,10.269976970298826,7.604164521993942,9.137665610099118,9.385178341589691,9.938828430804408,0.7396984061851031,9.707940256894872,0.787248746374077,10.139469597688104,0.4796036952022621,9.687849592294395,0.5036670564312683,9.78664301830327,1.1543274205012617,10.185888713392876,0.3454472572790415,10.055286681015044,-0.16617199782686654,9.969283023914764,0.23384013009549834,10.53261495614754,0.11513056334297085,10.190514365606731,0.1024082490755466
6140.0,6247.2688394320485,9.5,11.999528805104115,-3.9658629901095686,11.637748266384548,-2.292805250629852,10.51131828654343,-0.7648662902733875,10.402583559981917,0.9780390295234472,10.252778396629635,2.5182780582295488,10.590753002447745,4.223856651002295,9.533098171049819,5.878518303936404,10.22075431530466,7.606297583611065,9.18040027872534,9.347209391111301,9.955820085656354,0.7402144279516473,9.731492467041873,0.7917937262647308,10.173060607193282,0.4859893443475733,9.710551557828609,0.5065754255168107,9.806776797281076,1.1559780109215445,10.219584951424036,0.34855204576402277,10.082088623814963,-0.16144900321558023,9.987933623720071,0.23692775452811285,10.568237263787712,0.11939859942406236,10.215432754982167,0.10420294609217251
6160.0,7177.7381650464595,10.0,12.053421698180298,-4.019426077871136,11.743294394253521,-2.3379717089031495,10.593784741851852,-0.77907382213029,10.455644144404655,0.9773705185600907,10.271886866692668,2.506697656396245,10.570878760100715,4.235674271076171,9.561290288482027,5.886376117857854,10.289918173221887,7.656590067935599,9.204809701275854,9.41423607914126,10.00633023426666,0.7486948872251401,9.792716238084646,0.8011836413101733,10.219524690576542,0.4901195760522466,9.76119859901839,0.5117667825495139,9.863682558523202,1.1599141777847672,10.262139929268427,0.35287518647500715,10.12724989429341,-0.15732826434147884,10.026851176282792,0.24585616899912113,10.622293330229917,0.12957019903948364,10.259813934144022,0.11240701250795934
6180.0,7772.614969279479,9.5,12.064006101798027,-4.023519085410418,11.696841097444736,-2.280700939882197,10.652891867110583,-0.7797591894685469,10.511338786430247,0.9037788882620911,10.273816175172119,2.5599199866446796,10.579233775003857,4.264039036577962,9.565182175807777,5.887821565465591,10.311324042831437,7.650095370638442,9.28316294671557,9.401353655788188,10.06761591722188,0.7422322175335028,9.856202607079187,0.799571063920286,10.28163211046503,0.4874411262800402,9.831843706515146,0.5083567145586302,9.911707050092117,1.1615135921919078,10.32626518673401,0.35572611569940243,10.179910117544331,-0.16096121934655802,10.095911945103248,0.24323757019958622,10.683237282039649,0.11680497640780427,10.31238042853516,0.1084788495207238
6200.0,7421.897023308962,10.0,12.139009878482767,-4.009199243165454,11.836641610790744,-2.277754930115336,10.69187484500232,-0.8360204825361782,10.554755116631993,0.8900882965628922,10.356810888684366,2.5659085669787403,10.653442081281671,4.257715313665123,9.643206290954494,5.901685886132175,10.37765387186757,7.621235859969552,9.348604625754186,9.38609985397954,10.093773606846813,0.7421475195089959,9.886156079440225,0.7978865848797485,10.304534568708577,0.4887643321760423,9.85868616541368,0.5080991717350033,9.936283916164347,1.162265939133229,10.350326628477925,0.35780290448210844,10.21157040717814,-0.16087091848832583,10.123260351934706,0.2431557815851261,10.72660505371671,0.10701903496412964,10.335320966940733,0.10810769889494613
6220.0,6290.5284869491325,9.5,12.208323264714085,-4.023481263456087,11.869464601210929,-2.2802552444834667,10.727347480594357,-0.7558589313881627,10.583284483237895,0.9240106222278845,10.383355435429428,2.542994906018797,10.671682295978224,4.211064920034541,9.657096922937086,5.868151447214645,10.354314009427535,7.605157095323328,9.315580795186523,9.45101995895386,10.164058001781479,0.7463069514690442,9.94800889570295,0.7986510399585945,10.360045392089088,0.4928453947124013,9.947069305666073,0.5128646816844562,9.993432033793223,1.1687263949736595,10.41019206398609,0.3643264259974158,10.25947041791187,-0.15380733044093292,10.211903661002957,0.24710543651210762,10.765357567083413,0.11120231383471904,10.38350417908666,0.11544167080145881
6240.0,6929.197369447512,10.0,12.23782408596144,-3.9872618710930348,11.910210691325002,-2.3215828572491666,10.766996283735006,-0.7209724892661736,10.665742698176016,0.9606556553132133,10.407498252314232,2.5346602372906006,10.725790464747346,4.228384596604672,9.707407279821483,5.915052038857836,10.47398640033251,7.633307275641282,9.449828285878272,9.413572481329695,10.196880829030892,0.7454988282680667,9.990096766038434,0.8008836566123406,10.401042720842842,0.4932372655695779,9.971607713292112,0.5125944876533985,10.03199669930744,1.1710525431872931,10.444274266777557,0.3683031532608741,10.318027241565,-0.15355188229034106,10.233888107095115,0.24624277313092344,10.817387105989145,0.11451026689943536,10.440351830486772,0.11703146043186105
6260.0,6304.128149273096,9.5,12.250222279197702,-4.003817651603269,11.929226286904694,-2.2640194325897784,10.857668046864722,-0.7566903493500703,10.72093279536241,0.9441873602306515,10.450523672631395,2.5396178373247196,10.72678760036984,4.250456352139723,9.789114173490486,5.903198351922568,10.493797579683662,7.6249506255557975,9.484155201972122,9.401204411840236,10.25179192362018,0.7575858575306558,10.036738121203816,0.8034509446700578,10.450711547823774,0.5014202228413409,10.023094652948753,0.51354472533872,10.09122968885892,1.1744511852807835,10.490703181211954,0.37151974862547366,10.343005567042923,-0.14656041808644407,10.282625683515759,0.2532042041038293,10.865620698781777,0.1215386306630362,10.475767379555869,0.13194622473074302
6280.0,6626.367006586636,10.0,12.306692688946956,-3.974646614491019,11.979880590384457,-2.257358719581007,10.887735377524667,-0.8093543504491226,10.79335777449825,0.9311498964288412,10.533426951844541,2.5807746300992274,10.783559588195697,4.328498195664251,9.769776942302602,5.904808905323188,10.547250274983384,7.679858224166807,9.472129125175446,9.41467129983059,10.31499529331178,0.7636870498072839,10.083735995295,0.803657138528445,10.521318591008459,0.507485886358034,10.08841680754682,0.5172750351815419,10.155860358197614,1.1849035034946336,10.564804812206015,0.3724055870903138,10.399164586451393,-0.14183557537162944,10.3389265251437,0.25540808413259497,10.933091088370514,0.1278893920783801,10.527643839844472,0.13746946899541318
6300.0,7244.8171550492825,9.5,12.412745650043394,-3.9878730175166077,12.072060088841388,-2.316770126182075,11.004006561618782,-0.7651759403426788,10.817385578629775,0.9545505708867248,10.550680368106914,2.670167049883818,10.84978452825462,4.323198469761104,9.867831479623007,5.926869883428672,10.5871253572594,7.7011477940487385,9.446301830510341,9.448002627714873,10.347520406216459,0.765461370810586,10.153192489787772,0.8070307371580914,10.557590850285651,0.511355914768337,10.133495918659069,0.5210676411817197,10.195614078858956,1.190818769631511,10.613033994516915,0.3726155627069514,10.463895781315275,-0.138442711446402,10.380076864127641,0.2599801841708175,10.991768949992323,0.12754302713996093,10.599825367098237,0.1402762910698256
6320.0,7450.9464362904255,10.0,12.47050639848221,-3.9797684180989554,12.159628801441372,-2.3137843401006366,10.974658315177072,-0.767797553622847,10.835817985227084,0.9907174025672777,10.590272115756173,2.652442239345497,10.866770020186848,4.369418335844094,9.8711598616576,5.93343469360854,10.50782211094852,7.64160476863298,9.513391751594314,9.438788815317055,10.401544997570415,0.7642876221585256,10.221576748989007,0.8055843031761359,10.603319532434092,0.5084775322701175,10.188445559356742,0.5246428325796804,10.23430630492827,1.1942362065486447,10.663304270132707,0.3760151579553466,10.520687528281112,-0.13696204015981323,10.432013970469338,0.2510199067279475,11.042449693633358,0.12635153281065475,10.649467899485044,0.14304365605373492
6340.0,7290.037555180226,9.5,12.582175157943128,-3.9879864119697523,12.204929389875861,-2.2708013699350054,10.99405660382258,-0.8091357272320296,10.896689898980302,0.990568144364091,10.623412765254352,2.675869337492389,10.865869747043421,4.386664586357929,9.952367158601797,5.931069894002003,10.658035443793064,7.678526092966932,9.529939784857724,9.435970132642286,10.429665971543951,0.7705365802317212,10.248381605580084,0.8141696810777883,10.628697171392854,0.5104103333794237,10.221049157574578,0.5270349038652732,10.27826875633353,1.1972077147461382,10.687852789049789,0.3793966626374309,10.534132085593612,-0.1352012719450359,10.460993318048683,0.25833007666824803,11.07801898965361,0.13325727036629442,10.660705366200288,0.15114432142406037
6360.0,7446.168847328311,10.0,12.577122889035573,-3.9439620532760786,12.25143980984305,-2.214466328690961,11.083746176659819,-0.7770303206200639,10.943717343474624,0.9655374948892792,10.638155182008369,2.689441333903427,10.954018888649475,4.403729757782525,9.937945580932814,5.960019846294633,10.67694782092295,7.703775509388139,9.598438200175927,9.448971552688034,10.467961656488066,0.7978992840389916,10.277648294082315,0.8146050435722895,10.654754001883473,0.5353232573839989,10.262997743636447,0.5379968324762658,10.302491866717103,1.2000551506356454,10.716554739308396,0.3898715661860321,10.557291035172838,-0.11000534359092899,10.492517920373563,0.26452592400668024,11.09257176696454,0.1366323460902708,10.684692744684604,0.17676436505740498
6380.0,6999.46882960395,9.5,12.67790858407204,-3.9174299111951365,12.318881552153773,-2.205784870061851,11.126722046654493,-0.7485417878533113,10.99123216005376,0.9955408914408386,10.744856021909603,2.669675411501,11.050784152625772,4.379895377177608,9.996604579784535,5.971559504604377,10.775246221396273,7.671620541124987,9.622352619282106,9.424862439563846,10.509977578643548,0.7991363809427743,10.309075479945786,0.8339046123861813,10.702863604811279,0.5372466131450174,10.288197830793884,0.539972339656851,10.348710792474062,1.2029341767964392,10.754243508628878,0.3947322111677721,10.607518642603626,-0.09796192167847402,10.51631273083261,0.2649863889681449,11.146402912751318,0.14030964876122712,10.728464024961287,0.19090018365966027
6400.0,5364.844576866261,10.0,12.767358400994791,-3.9142303546981134,12.32936296090192,-2.18215056911055,11.175832877188292,-0.65018153300406,11.003139866592022,1.0483038983964,10.70926699504766,2.69630036006414,11.041069651835913,4.3808951985431674,10.048189251142386,5.918767276251911,10.738239923316545,7.648180248843516,9.661868191490964,9.43100455444527,10.586627711407697,0.8112665546819546,10.360061685694067,0.8353674605362288,10.760967186315852,0.5477116554955554,10.353292532369517,0.5509790987334755,10.393607734399364,1.212762998124178,10.809953037424128,0.4109825139466524,10.65140437472299,-0.08727628124901754,10.593045528025794,0.28211747531275244,11.192965382011803,0.1516480519438131,10.793605958741164,0.21535000050812608
6420.0,4919.345970217088,9.5,12.813905778203269,-3.850254703854908,12.417393255455432,-2.149878283810124,11.214977920259432,-0.6542242159296755,11.108922035850505,1.0506372556938612,10.785061431612798,2.6793648818998412,11.057018337496512,4.387694036067448,9.96511457117026,5.930421648109924,10.780850519035145,7.645185982160903,9.720886919855797,9.425374885820514,10.635887475743989,0.8183410837878136,10.388234507670479,0.8388496091123887,10.811053391357236,0.5553250077247155,10.40045089694201,0.5596436472766895,10.455503385983414,1.221810720424703,10.85901634623739,0.4232245730972653,10.70276591325398,-0.07984745008601442,10.644944701860924,0.2880131580900459,11.242657986618442,0.15923593239570666,10.839181587753815,0.22751854806269428
6440.0,4346.005123200657,10.0,12.840153174182273,-3.8422522356856645,12.433498614622025,-2.076380035293964,11.263666435645742,-0.6515171034692825,11.162051133402853,1.0207993099567594,10.829732696772616,2.664826054789285,11.082650925084481,4.370754451144322,10.050490309365498,5.899372338521077,10.825288979520842,7.637702252930852,9.819396403688557,9.408406563676353,10.67183867779748,0.8324854912960624,10.45316093018209,0.8459177644188802,10.84333673564742,0.5703058249175224,10.449012432643993,0.5777803741541472,10.490178373358177,1.2427732751104723,10.907496961306055,0.4420744417908454,10.748592009706101,-0.06533979036858857,10.697414098919221,0.3104255891148154,11.293845891066452,0.1728003451909635,10.892844806745348,0.24472009337373493
6460.0,4292.326269926538,9.5,12.876566126742713,-3.833311180658223,12.482309296741722,-2.0553262199255373,11.317388465444573,-0.6623703185990524,11.21297099324735,1.0042224993349025,10.839656399531885,2.6807735883313404,11.091392875590412,4.415582669316682,10.066757804333795,5.881662417508771,10.895888082820166,7.702337723538079,9.839721370626998,9.441972757261778,10.732600897708275,0.8341156901077138,10.514441702082797,0.8481443311838845,10.898322651373629,0.5723158812065319,10.51831905640937,0.5807825590339192,10.560920312499661,1.2450788606243353,10.953824374508363,0.44463287719028244,10.806241900632779,-0.06137114322834747,10.757387397387754,0.3123101746135462,11.358381077354263,0.17572809165827563,10.943173613626723,0.24657790455614942
6480.0,4191.759131961572,10.0,12.940486771699762,-3.8224680325404115,12.55353594503779,-2.107593849456856,11.371489675977,-0.6332347858406331,11.243859567990345,1.0236600450463411,10.914938290271063,2.7424608046447427,11.227756422818965,4.413936018062028,10.15997286164612,5.921351847773632,10.879737311578781,7.6837941445162485,9.843471154942433,9.455438631334406,10.785709593936755,0.8376828942219283,10.55638292546757,0.8507618335943299,10.957542081729953,0.5748573483595874,10.574971419537126,0.5809243901264689,10.610374954699598,1.2476787096945698,11.020309421395927,0.4427036959446996,10.831666882359023,-0.059369642378660895,10.806942756009095,0.31775780828718647,11.397980210979844,0.17869367762577132,10.985289930882528,0.2501007851682219
6500.0,4570.135066921484,9.5,12.995499444522887,-3.7604182242077457,12.606242042099604,-2.0979187903638894,11.395335175607446,-0.6332973251552364,11.249138555926107,1.1011163877315073,10.928284104991025,2.7258821415103376,11.251191196863958,4.440742041158665,10.160499471237417,5.971181051968101,10.964988821119219,7.683593430416272,9.893620541383301,9.461081174444963,10.813101365662897,0.8499056728379738,10.567313478289236,0.8508321738351367,10.997782081581551,0.5805270819219568,10.599838464136674,0.5871310269397646,10.641151624233641,1.2637310904338275,11.047496725718087,0.45661524087094385,10.867151660335386,-0.052578647640619855,10.83294712881552,0.32526788502956355,11.433767056648772,0.20211682985570284,11.006291659864186,0.2630228141010461
6520.0,4159.165822915385,10.0,13.048930519918898,-3.8036601763826794,12.629454073997964,-2.0508691853687457,11.450380674638774,-0.603268715818569,11.321501152011502,1.1217698609581925,10.96659709888184,2.7071945833768263,11.27418213996079,4.400459067094412,10.258755596159054,5.957852446288091,10.992237113159513,7.681383245586439,9.89653906351942,9.470048860246182,10.826602338126182,0.852777190667396,10.59506649498925,0.8663514924841754,11.008960149403748,0.5827138680302223,10.616067009578396,0.5908855568063314,10.660080741449471,1.2672289915428698,11.064035724940014,0.45985665853041635,10.883042799218764,-0.0516279913578118,10.84770077774925,0.3294882355633645,11.449365836188104,0.20364846410034035,11.02234331747527,0.26486927555265993
6540.0,3814.835609593253,9.5,13.016357023360015,-3.7948479765384655,12.656425978351546,-2.032935500425706,11.50016984296128,-0.5918992768879043,11.346631892553136,1.1212035884192444,10.996175666737383,2.7494694212894664,11.307114735517807,4.375288530499742,10.270051550408608,5.857778510466039,11.01584874081831,7.695003443851749,9.961823042224243,9.464296722950113,10.863452189835131,0.874244821215459,10.627016677145155,0.87372144410519,11.051993464131074,0.591942200540105,10.650659423807069,0.5975430407921825,10.699051473896755,1.2868794271391155,11.094878555028622,0.4641865710848494,10.9304078859136,-0.032526626068871335,10.885057815146599,0.3392326851358032,11.481762805540201,0.22074309879682805,11.053805637749674,0.28734540375308654
6560.0,3273.4442757975607,10.0,13.113644779256939,-3.79451311660626,12.725085722087483,-2.0397759442861507,11.51082683796723,-0.5883790675528194,11.39613326005203,1.1010308026198607,11.077548651770783,2.7640193474997288,11.374232637915803,4.336513537199043,10.356912865239167,5.914624883097943,11.065270990943908,7.691491639930969,10.02306541794033,9.489157295273628,10.929827404756681,0.8833433666341367,10.669388785734153,0.8781233580882672,11.105578169874542,0.5981682199228677,10.684326090166621,0.6041968611757922,10.751461562738376,1.2937692722117535,11.134601849018471,0.46641744614062575,10.978826363773717,-0.027361944084174493,10.933411688240025,0.34823834030965756,11.540679524677252,0.22316493930465947,11.109550216914558,0.3002894931412123
6580.0,2965.7275245987007,9.5,13.168904775123234,-3.7758717058263813,12.784448796193505,-2.0389639366644037,11.570683638131468,-0.5982604399663701,11.415076091165144,1.1285568250309377,11.125188509710146,2.7663338610573693,11.411715668221841,4.3493790394509,10.4011725653104,5.932091295502256,11.067998070674987,7.669093408518213,10.040446738420208,9.499641231422583,10.982711240878434,0.9054918237029617,10.70041139176561,0.8757641766387387,11.175631152017234,0.6120106669151774,10.724789723537365,0.6099045590940161,10.789209117500349,1.3079218047924952,11.183823517004074,0.46989802906486744,11.046802945882993,-0.009890372342611854,10.97033167042227,0.3625284835268272,11.573218780636633,0.2463581519688181,11.172830070640687,0.31550623621304597
6600.0,2900.9629206319883,10.0,13.20551420779012,-3.7796169022676933,12.792754003151458,-2.0489785068766095,11.587840010806623,-0.5985144254572973,11.505353941462273,1.1157040190113126,11.16246686558562,2.7595429464252854,11.46467110856572,4.423643766206736,10.46315992297944,5.98745210771939,11.187010658601222,7.683155646103361,10.1323566981534,9.494909323833381,11.011288111303328,0.9073444106082237,10.72540538337294,0.8771855601653625,11.203787400772178,0.6158993467777141,10.749200985339117,0.6142178148370057,10.827192436032115,1.3129064550053755,11.213083863101351,0.47425872087321375,11.082564272184433,-0.005804442818997124,10.991113645957348,0.3647110494476811,11.613211767333334,0.24921433663760034,11.204141303020148,0.3188492943453521
6620.0,3643.763342815239,9.5,13.228917068727498,-3.8145092741412,12.871332146801105,-1.9968135016648838,11.62767906366803,-0.62742008606765,11.55502839037796,1.0596489070749582,11.224689088553465,2.7346783801161916,11.520296777205012,4.426793091149799,10.526466221571807,5.939388248452757,11.234169905549589,7.679092396639035,10.21171063554024,9.466920336565101,11.057340387115856,0.9278473970708567,10.801876509470569,0.8769989229974069,11.245479607915644,0.6249220558727876,10.821000358829561,0.6103096000873959,10.884153837244332,1.3091305533576791,11.273625182578906,0.479442147014434,11.131819427230122,8.098362174759898e-05,11.058500553408361,0.3753495990756746,11.673302964564575,0.2660694871007735,11.264141439055944,0.32615341128747116
6640.0,5467.980378922628,10.0,13.269105612031876,-3.76102057261581,12.891440143156228,-2.0167429914563493,11.695348275694158,-0.6185828579257159,11.626070607548922,1.0562049480373055,11.257061196789875,2.7598958140728898,11.566521309058235,4.417021713517755,10.505246069738911,5.917351239628426,11.251735514537396,7.697650400987911,10.212892899482476,9.504873046729596,11.075918470608691,0.9320759949075264,10.830911862634629,0.8708975266411985,11.278233085928338,0.6335889079686692,10.838727566139116,0.6105275068039733,10.91851348929073,1.3109398613475927,11.29980185098088,0.4863858908062836,11.161956785382236,0.00871678164863301,11.079704040413333,0.3752232424191899,11.721076906576938,0.27446731650787637,11.294151476712404,0.3314869199525091
6660.0,5645.027428497544,9.5,13.339866065746088,-3.778547346447579,12.964132064422586,-2.069072359749353,11.754744078303238,-0.6076191273141022,11.661979958125935,1.0814419965819977,11.278856338373917,2.731881864582786,11.611209302366325,4.395584523466737,10.604384714561402,5.900349261048232,11.322634043535988,7.69287581023367,10.298854094363083,9.491625868945409,11.130110346706566,0.9329371100393814,10.862909274719144,0.8887114966399972,11.326621196776845,0.6357881655519644,10.891066610397482,0.6085658766876423,10.971398343775093,1.31507406386932,11.338887216806237,0.4866111886108756,11.18958760612885,0.02767851699813728,11.12686777738374,0.3796254576768869,11.760522875512786,0.275003831482196,11.318085042034511,0.34570422737146633
6680.0,5603.906106781985,10.0,13.395983565759073,-3.7408425148361673,12.993309918488468,-2.053645005334063,11.748146689963564,-0.6224572654183312,11.661545940827864,1.1307267103918286,11.331494401583978,2.7131783427253,11.666666094592449,4.423135257258318,10.65848927541591,5.9161098281907485,11.374146200975245,7.606410077175008,10.366039861848652,9.46467092023786,11.174597255498634,0.9404121076075569,10.904719984262885,0.89172414970126,11.36381038993547,0.6435638248816086,10.965713228452302,0.6176977978413657,11.048249096649291,1.322507422941136,11.370505683286888,0.49324490017014816,11.22452150825051,0.035865285548655736,11.167325734437128,0.3882612609826482,11.791599515023057,0.28159305566076354,11.348090886522694,0.3556182538138556
6700.0,6802.449370009954,9.5,13.442546138363662,-3.75061437619429,12.96437215761824,-2.031538461031979,11.786156586827218,-0.5652466645135608,11.758919339603262,1.1124545153962262,11.388316052476297,2.709805851526315,11.67983831690736,4.390323979075854,10.696588808274761,5.905114707349959,11.444938836194968,7.633523439654714,10.365946862297985,9.430853867920172,11.192480486247204,0.9433967296989009,10.940218226062527,0.9141684243519167,11.374832610946196,0.6484263952875711,10.984858755356848,0.6267467793174015,11.059335913834715,1.3279518202703366,11.413853337300333,0.4999789024269624,11.2609573651178,0.04530178734374353,11.185807973402326,0.39407273230915996,11.810183285417041,0.2844367870002497,11.39889567284658,0.3752993505172191
6720.0,7218.050358758626,10.0,13.444799497732522,-3.7443808550224786,12.986861081483188,-1.9980111533799474,11.78028778546371,-0.5413032119879213,11.792732406717786,1.119391879919204,11.409341987579587,2.7534352729881038,11.728508209672182,4.395460333092399,10.689706439411037,5.914213562927164,11.471903587672255,7.646699542424722,10.454375346096217,9.427591252387206,11.239974902085423,0.9638058949507521,10.965520819326356,0.9191376118324202,11.430765306897785,0.6576923148542296,11.016217216788046,0.63905061850498,11.091486177055222,1.334454115598192,11.454522197299687,0.5232215456287146,11.308758222042016,0.0523691010116234,11.217504498869896,0.4018948618445438,11.858480507176443,0.3121028208568085,11.442484116120506,0.3962875452619178
6740.0,7192.992527327745,9.5,13.535924450714731,-3.642676922799153,13.019753065968288,-1.9649516360162131,11.825152948429642,-0.5525434561453274,11.851408083320273,1.1504019767307017,11.486773967346169,2.7541257594527555,11.799734458761847,4.409587983287523,10.7816031133675,5.988565465775358,11.507184008792624,7.6349340764926605,10.436928934902793,9.453084098450237,11.29971531281437,0.9650111371702861,11.001554848895722,0.9285585425165713,11.489004357668671,0.661787265516949,11.073127195979128,0.6470586798370301,11.164479347418558,1.3431728271533983,11.485156685708546,0.530996076673899,11.350899540377517,0.05768715043834072,11.276217733342673,0.40308597273001656,11.931306346743607,0.31716414452773467,11.464816136500605,0.3996055438179347
6760.0,7549.933216016606,10.0,13.622982942956341,-3.63522026356289,13.039331544806114,-1.9720069202235364,11.859876178827353,-0.5417711924569042,11.826455966800328,1.1944065285478374,11.482554527942662,2.7536559803339395,11.807574001209861,4.40276425358296,10.827707075321637,6.0049884133012,11.558039139751267,7.6617509951972975,10.532413614611059,9.456035460894919,11.338047431950917,0.9806070014346405,11.03239751441435,0.9363112409057418,11.525977367667094,0.6749887879661901,11.101418201878895,0.6578803630353303,11.20041988864197,1.3543490898877755,11.517941483191844,0.5557399270480101,11.37982415459026,0.07188336562549753,11.304403243260554,0.41634949727673776,11.96133940221344,0.34237016843626716,11.495951766563863,0.4276909305318789
6780.0,7521.25809297976,9.5,13.612631263867977,-3.6253081021421627,13.097422500428564,-1.932446967389555,11.85176442259517,-0.4850588732025197,11.908330276582939,1.1581221376111228,11.517843277308158,2.7645944072591933,11.825390063365962,4.4235234198053925,10.799036376789058,5.986466948722229,11.59519108206698,7.702805004958566,10.551450508412476,9.483540848368643,11.350191562149115,0.9853193015122811,11.077740575553385,0.9438887530786427,11.540104838506888,0.6782593329903799,11.133390385613499,0.6644228963290776,11.227695976983567,1.3586522147580955,11.534983086614428,0.570723242142215,11.411835175367175,0.07814746388125848,11.333822627593507,0.4252548825919499,11.983404087493541,0.3573030505846448,11.516058999676403,0.4417136600596946
6800.0,6989.669789095894,10.0,13.618357535384945,-3.5745668930779573,13.116309269274117,-1.8647027634672397,11.872784966619538,-0.47266842109571083,11.950165528487053,1.140992082976624,11.564160401618409,2.7292979877590344,11.846418954830487,4.4162681409941635,10.856941996252846,5.945144896328525,11.579888161454083,7.69346815036392,10.55979347960349,9.501550066229253,11.398868688125315,0.9907813596148622,11.126526517159114,0.9476741905962234,11.550872856907244,0.6885370329056908,11.168469778968372,0.6737412911674497,11.260883562418474,1.3669975727863406,11.552056930307732,0.5803314923363279,11.422976798631238,0.08672954697398763,11.372597657816922,0.43485728284149594,12.002958520782437,0.3683861123318106,11.543717105737318,0.4476983992492035
6820.0,6968.155815524445,9.5,13.652472103983914,-3.533354620308697,13.154386078930068,-1.8248860492162688,11.8999525686084,-0.4800552639650271,11.983882120623353,1.1823661192388568,11.58999076142802,2.7602521234481023,11.869681986800213,4.4148737941664615,10.853332748675886,5.987999540108167,11.602329569953607,7.702476078172173,10.55867078029065,9.48783640142002,11.423182689701104,1.0039724033168569,11.159167538405605,0.9542907979429606,11.593009634212933,0.6991905197184345,11.187299763969303,0.6932174517998846,11.27571523642263,1.3774931274066062,11.610583224442376,0.5932877315146377,11.461994846368574,0.10435107082601384,11.39987859182253,0.45005825547235495,12.053813242368985,0.37857035109197634,11.603444750698673,0.4621096279247146
6840.0,5201.444606347129,10.0,13.743021941869435,-3.5797496299902356,13.214424497861469,-1.8653267747008848,11.944569336680974,-0.47226683671999864,11.975028219594991,1.1848855004600862,11.581466633915921,2.785784646848728,11.979811414643525,4.416688542702433,10.896163733622336,5.978447822587879,11.630551970373016,7.679437621487452,10.598989320270542,9.50386658817163,11.45062559097148,1.0107322901776559,11.190883384348561,0.950252245015012,11.61512108681368,0.7024944667677422,11.219261881768556,0.6898928225808983,11.310571284631244,1.3827836096807846,11.638391283412478,0.582900903171187,11.484267516834203,0.11004631643640997,11.430177114513274,0.44814888309501005,12.088835323606867,0.3831860880904125,11.63223798271962,0.466846098162665
6860.0,6378.136015907988,9.5,13.829513028734912,-3.510300105739481,13.250022522733323,-1.8520206251377993,11.986153782010096,-0.48968657879227545,11.969455231870478,1.2262874017740408,11.576735863234415,2.764437947638741,11.961708187363023,4.435642689449474,10.932959397749652,5.946770062376967,11.711255018207774,7.677868306265066,10.636680714547056,9.511326087061427,11.46735868594112,1.0204194736732517,11.21604789384533,0.9714651335494079,11.650630514868618,0.7138172027038119,11.259505845671729,0.7171975655967847,11.332049033119715,1.3938797346285274,11.689312425161408,0.610001139881685,11.532413973832249,0.13971113784786943,11.463813435249989,0.4773173622137198,12.138444059737479,0.413309650782083,11.683201321343617,0.49489473560358377
6880.0,6841.893625846782,10.0,13.853217520370217,-3.559656175051445,13.294054150840955,-1.8321417909468132,12.009270397853891,-0.47576704914014767,12.041608048103972,1.2074450135883736,11.672115460620148,2.78026475237439,12.029087384236185,4.419955334267892,10.961351072714338,5.92708092053561,11.708442722602921,7.704365972655047,10.689678663152048,9.52546167335672,11.48980210494785,1.0345216436589582,11.225430916357535,0.9729444570090436,11.664827677111756,0.7292811129733726,11.273517246295071,0.7345127995933982,11.357611408217657,1.410093985894782,11.70081608410425,0.614918257091347,11.558115797823067,0.1545634825199138,11.482064371469336,0.4957872013358493,12.16335468324199,0.42830211282304437,11.69765743484951,0.49700463746792706
6900.0,6252.474814072554,9.5,13.89864609936103,-3.5225317810403647,13.31926550022421,-1.825553814197653,12.083871834755087,-0.4652335864610594,12.09693282199672,1.2359331984969024,11.729754125368741,2.7766869452206544,12.039557652077155,4.4349644384292635,10.995039224645579,5.9525206916072175,11.718592661849684,7.728636724015812,10.715885002911978,9.532012723338228,11.536467503737395,1.0499653916368148,11.300971816836043,0.9836184162611674,11.708419690033107,0.7460532070382236,11.32187952315823,0.7538597585640822,11.41346485048277,1.4306870461828527,11.731259688420982,0.6418372897860566,11.603871641366473,0.1753014843461492,11.538875860467353,0.513436004768882,12.197616974246749,0.45342569722781007,11.735281636260035,0.521807804500195
6920.0,5108.113594232921,10.0,13.956907865163553,-3.4865401065856374,13.392570194856981,-1.8418085391494163,12.108961293964907,-0.4193699883592208,12.178826332789088,1.2303691962054324,11.80229674997089,2.765331065643405,12.146448867332081,4.397284356042829,11.086691713751408,5.982967698591624,11.826670646148724,7.733146517929922,10.80419724436226,9.558660714195376,11.557580606380176,1.056095214028795,11.346649064924728,0.9988533166705598,11.741148846890162,0.7524001124739084,11.359567852614216,0.7676855710082549,11.445532282867934,1.4401287013122621,11.784511704237236,0.6594488137544745,11.635287776103025,0.18852981102393745,11.563556311490698,0.5263514522658259,12.226536638645246,0.4648039359603239,11.769386080652374,0.5364627204034281
6940.0,5225.967498096946,9.5,14.04095033671293,-3.5130509095476343,13.432266197337928,-1.8518072332021223,12.190474958451492,-0.4343455604290162,12.208717220386566,1.2369848271588288,11.780395367737187,2.7890292907112166,12.112955314261521,4.40304293543757,11.160876892923351,6.057926765965129,11.86750639087104,7.7434149053556425,10.812895687270643,9.578986729000693,11.6342218939849,1.0666242935838857,11.38681548779255,1.016836029180804,11.801653900362307,0.7743121575043026,11.409770231226664,0.7917486906007185,11.504175808040342,1.4732209097090123,11.829341241399566,0.672974189235812,11.681577367717761,0.21198182516173486,11.616044932257246,0.5519504420429978,12.275796474134214,0.4777451189598662,11.814483753666229,0.5454808369280962
6960.0,3751.7068053190123,10.0,14.065903147172765,-3.4695866776109225,13.477711238718593,-1.823521498042176,12.202269269729516,-0.4543478465517869,12.257814444874901,1.1922276207608005,11.862000715431067,2.7897646976978474,12.131014817404822,4.46337300922452,11.145261861116245,6.07910105189835,11.90865548593339,7.799565580555949,10.934286689445642,9.605537225209847,11.657027862210795,1.0684509250600613,11.405912257150998,1.0391646299828978,11.83238547886983,0.7786646211854285,11.4518341754658,0.8134517217280027,11.530811994755942,1.482675345823648,11.873547844812498,0.693308254557502,11.703034862803522,0.23165419711324514,11.64301314801303,0.5737532626306423,12.310308823914735,0.49726315251941317,11.845037908609623,0.5694317468660172
6980.0,3074.363524393641,9.5,14.116352248391317,-3.490304698675016,13.558337622319124,-1.773449987145959,12.277195212488541,-0.4596476158447619,12.328227097509977,1.1710225479615055,11.929355351197264,2.7143158529317457,12.159825130931086,4.464882306719845,11.234859705940833,6.027008989231176,11.970954052589025,7.786542490537407,10.98794941312,9.596198644438712,11.720010642065823,1.0704157342905667,11.461155995486543,1.04591786498655,11.908830341536278,0.7861932331824588,11.499422397719979,0.8234418177254419,11.59353577544159,1.491415103208253,11.92858312018384,0.6999411164738208,11.77367474573511,0.23816374461006373,11.694668074695583,0.5828411439054031,12.390262168349173,0.5040642886563804,11.918036259907698,0.5742419771922417
7000.0,3442.808705814684,10.0,14.1701642568593,-3.4475623318698156,13.60182025025136,-1.7386798978521854,12.344523021684017,-0.4492944415679023,12.360347640193039,1.1510357300803904,11.983551869494823,2.734917182013438,12.27209780814198,4.479139928337497,11.258801978506204,6.02052001492613,12.054189953851793,7.760600275070823,10.991814858303346,9.574648336505316,11.804112878848889,1.071061627639685,11.528602804392865,1.064485262253476,11.999957545791466,0.7952259347229014,11.556080908959439,0.8424537437618383,11.645952121854387,1.4924316146840568,11.998343767728993,0.7181190678963241,11.8594228615158,0.25560406255322066,11.762191692767754,0.6020139106929892,12.443534412000622,0.5243837351109772,12.020578908268472,0.5917441294723166
7020.0,4446.660273328181,9.5,14.248880952657098,-3.425922656042862,13.706008094213956,-1.7813218309539416,12.359400660055728,-0.4017338127239952,12.406806276875857,1.1644176309606937,12.039110613032328,2.768464605074087,12.346121377288586,4.482878833244444,11.330724102564927,6.051472351550211,12.085217866047909,7.741257398534275,11.050443263075524,9.614536588587395,11.837158099220577,1.0974818145817924,11.565392482146638,1.0870309944480705,12.0177893285572,0.7993935759651216,11.586117622518449,0.8650402637806952,11.69680462545308,1.519414470243348,12.019577280428967,0.7212854199786658,11.87433562313182,0.2613021326221439,11.794211333906162,0.6274881885027639,12.490194632390919,0.5322456341401591,12.047814143427068,0.5981574309624931
7040.0,5284.730264527042,10.0,14.316063576783488,-3.476137067705136,13.782655404589718,-1.767954392747018,12.441563205100815,-0.46266030045154183,12.420922704854323,1.2211335471151377,12.042323550767032,2.7466386619528738,12.356636462349538,4.467708434723788,11.39062052111271,6.0416625654236595,12.164792865084456,7.795829904598423,11.178826095411301,9.588465362824989,11.900805004787937,1.0988154600652995,11.650246774548268,1.0896552428418558,12.096965024711944,0.8011990972292047,11.643007120780231,0.8656139563297686,11.761083058564592,1.5170897092494204,12.065002111022933,0.7319534010036856,11.940775288536972,0.2788916836091955,11.858193905406266,0.631047736204707,12.563956587354143,0.5424560835497043,12.10488875428613,0.6064692143258459
7060.0,5551.646490579662,9.5,14.3736096754823,-3.448913738502495,13.870276971355205,-1.758651852772743,12.512876826337692,-0.45569804136421876,12.495613034315415,1.2213598723903996,12.149225953488344,2.6870343536776886,12.382358538474195,4.4489526302039355,11.439101306453209,6.024124393761407,12.229811935296448,7.81310622480012,11.231621244929148,9.570327017526948,11.920821139292922,1.0990114336281198,11.699149624491918,1.0942162017245285,12.136249032320729,0.802659094019407,11.664620828850412,0.8697744593247293,11.783166255184303,1.5154156717520488,12.109811617441403,0.7264617398119033,12.000477928156087,0.2969807427719914,11.884133780095604,0.6361801351021379,12.605647383116334,0.5484032613443459,12.172428987789521,0.6082342508675712
7080.0,5634.542500568705,10.0,14.40002172254643,-3.4601918780148226,13.881802316163052,-1.706873960293135,12.566038408659804,-0.43200477029671547,12.599685305131555,1.1598099792054433,12.137036273907839,2.731438517597719,12.411662432066827,4.4553251008438775,11.463926598648593,6.118361445521622,12.238236424159657,7.7877136399177385,11.243888390762399,9.592101263114241,12.011162410101326,1.1009111510614669,11.764135081961072,1.1042637049525408,12.202043835012336,0.8109492159883562,11.755731036469614,0.8788533121987141,11.854169754269872,1.5162957358396478,12.198047546364034,0.7384488572729637,12.050999852542876,0.30826452219623457,11.981015031076165,0.6461718377882024,12.682658560241485,0.5591075397870029,12.228506071950122,0.6144618298909093
7100.0,4981.90435513844,9.5,14.423364176935397,-3.5132712476944987,13.923537989196955,-1.7639646849705806,12.588145870740064,-0.41987062664639974,12.627655512763539,1.1236683078900884,12.254129595843242,2.7493713403047484,12.474355455633074,4.465022885249878,11.55233039520559,6.156319281077819,12.28144030009253,7.781654494821585,11.292701103234032,9.645923232190261,12.045280701424218,1.100064718931897,11.786792799263123,1.123389739001096,12.251758181364995,0.8122850032795567,11.786828829714327,0.9001140619062198,11.893855300547973,1.516097481234539,12.229567884044815,0.763186985959485,12.093648352835066,0.3244772201907963,12.012659957318878,0.6677921284870776,12.726388072744527,0.5797695802362368,12.261075727366338,0.6351885348490869
7120.0,3774.3876729650815,10.0,14.534175334550422,-3.4739444868553755,14.021828504988287,-1.7614406844282726,12.681013932213974,-0.4367403354779828,12.681030846723898,1.192924220311598,12.258161116456662,2.749622800595981,12.536820605285744,4.5151534748510915,11.563988759975619,6.092376688779222,12.315655682581724,7.788681372156205,11.318812513683445,9.647597021757296,12.129300855239785,1.1015824848698965,11.84106910720788,1.1262826472917924,12.322435086352087,0.8172556175129054,11.847832480335285,0.9007965658165615,11.972986225824323,1.5194007345444611,12.275225278320727,0.7741169581971091,12.141144468757982,0.33103030353482615,12.086165471464602,0.6700220953880855,12.780831679213845,0.5880848178883905,12.306945934777335,0.6460163328890777
7140.0,2295.003478114999,9.5,14.551063314856401,-3.4871553264077257,14.061401427631065,-1.7411855011372777,12.762188523584465,-0.4285269370019599,12.714460488029355,1.1898327183360689,12.266152142983788,2.745675091861919,12.555747201648975,4.500121010160792,11.569360553412219,6.1114798382748265,12.366296481613412,7.829843899637649,11.391654168317217,9.64684983746653,12.161076089841867,1.1017802081789534,11.866950415666285,1.1392127685754816,12.370252756979369,0.8237438874961327,11.873441452267404,0.9067407150052619,12.005734382525896,1.5158264341959187,12.312502191056984,0.792428432155439,12.191264593575138,0.34929798465147643,12.10201404168861,0.6767988322695879,12.814230529824078,0.6058862680130408,12.350859290842331,0.6638934967515099
7160.0,1483.248266399501,10.0,14.6133660071843,-3.4970582965410957,14.145055586081776,-1.742949662911967,12.859042344174068,-0.41204823821795716,12.77214773092445,1.192764351373141,12.342336311493568,2.811676006073977,12.560916021967866,4.478810592703869,11.588744882852122,6.113193620514398,12.381749909786166,7.813191183316387,11.388902668443722,9.637084053241601,12.181144525206669,1.1214215232100213,11.92215912327304,1.1648964914210918,12.40344008374068,0.8239848450738577,11.908594010397433,0.9247664759596919,12.039866275926766,1.5175235448862445,12.367764858369997,0.8080908690086716,12.236303404104763,0.3691752097733903,12.126562043302535,0.6848712550681635,12.83211215596854,0.609420040556611,12.384546879179853,0.6847450021035237
7180.0,955.167063472557,9.5,14.682249328888663,-3.543163315606498,14.190816393177315,-1.7604376182866037,12.908376374770222,-0.39521543409354754,12.816590961707252,1.2068406586309646,12.357578259507443,2.8281293443976474,12.57796471297977,4.4630143954610855,11.605277947832429,6.107484592151208,12.424513780403156,7.863568012204309,11.461112493149669,9.644825659347587,12.237093642127425,1.1250469988711003,11.96273687788349,1.1713292039160794,12.479228138359202,0.8294825372416013,11.977246968609654,0.9328526251811841,12.098456710822195,1.5271001840343457,12.448745667046564,0.8163627173043808,12.30749039145044,0.3782584245806595,12.19539947463105,0.6904636407920606,12.914839177346801,0.6174116306697318,12.433361453722851,0.692586696865948
7200.0,1804.1269308038604,10.0,14.8014203548019,-3.514391352152895,14.315732187853635,-1.8017594439040714,12.921899746027435,-0.3574538403176787,12.899769045869082,1.2045466407431555,12.447989571627211,2.749481590487814,12.661747266674965,4.454967687726276,11.703372008531776,6.139107482104377,12.500752793713849,7.856068223117802,11.510329172561514,9.610071601254406,12.280252001911764,1.138639112990295,12.018027463942724,1.1792642137581886,12.529254304934579,0.8439468656404928,12.028271874336436,0.9513733090850949,12.174482528950453,1.540765409403013,12.486863739869927,0.8265454203543994,12.352268940330354,0.39348631623734115,12.240985088152565,0.7083605285864828,12.977704606579954,0.6349139534873103,12.476657761069053,0.7027123140198873
7220.0,2665.15782969964,9.5,14.869083688485318,-3.4982775033262734,14.308733749176886,-1.7640791059774024,12.979430718452235,-0.4122475794552793,12.927636399094288,1.1743845934135144,12.431366659258034,2.7269608712069315,12.657592619706424,4.5232587606758194,11.73351913372546,6.137563460975992,12.510444989597692,7.784330229295587,11.537160810547551,9.647570021196655,12.304768072121126,1.140182284005568,12.033907806095325,1.1715306942758619,12.567243303970242,0.8311919807908333,12.069042082976638,0.9400341685615194,12.216438584701418,1.5297776387807138,12.521874644776164,0.8320662131760448,12.389702486205838,0.38399189943752327,12.26800309885667,0.7000854248746976,13.016618072901839,0.6411483719070359,12.512301600172222,0.7057298091288746
7240.0,4111.665781084628,10.0,14.92253989151161,-3.4276468512689546,14.360128844315199,-1.7153980214596416,13.024595851054752,-0.4498074726281569,12.99523490168959,1.1639562311417104,12.578632880082509,2.7931145262299735,12.74181075054905,4.4744810321095745,11.734636513736088,6.096167927913555,12.5492650395126,7.821844694161605,11.52996086573107,9.641994029354139,12.352201872753275,1.138722360121398,12.087663972709747,1.1985642394776481,12.615864879192792,0.8303668745959263,12.120984991156575,0.9627970254056878,12.283339461020585,1.532772161084085,12.558426359697815,0.8546712821981904,12.43484575761451,0.3997724464833559,12.298379357354287,0.7218242711293349,13.077945763875837,0.6605835269174096,12.5620019597467,0.722683137723759
7260.0,4862.702450897471,9.5,14.953396857612756,-3.4357309120077657,14.382857221940167,-1.719483644238414,13.100802062260101,-0.46461871548723777,12.987215741323785,1.1508235979891306,12.57003627519762,2.794051363213399,12.767221133920678,4.5071246452853035,11.794653561633103,6.132877307563154,12.59030441862434,7.8471185073291805,11.583285686044016,9.616460689010607,12.399761703300285,1.1444194571227455,12.142675550086787,1.2042245780326395,12.661460185448522,0.8368469592603622,12.176888048260292,0.9687722652986294,12.34513164792542,1.537465525508557,12.607397171629426,0.8606991474880047,12.479159232159057,0.40532534999112213,12.3616010619015,0.727007284951072,13.113235770279525,0.6674113517251169,12.593690790013534,0.7244122098647493
7280.0,5554.467506567971,10.0,15.019225023345308,-3.4196914144512425,14.522239459062556,-1.746645199743266,13.157483799394981,-0.411272308520733,13.092330424869639,1.160564654822013,12.704757327134491,2.779406705313436,12.86768638509912,4.469626975578519,11.867157921733883,6.098556700405279,12.656839715322935,7.854341304417562,11.633795351929178,9.65764581895335,12.428216908601344,1.147840342351592,12.179239529047189,1.2084243598810454,12.70467145821738,0.8420754958673797,12.199347055119917,0.9740275277709245,12.362807279956513,1.5392611036142556,12.653667709677617,0.8682394125070003,12.538111338289477,0.409305521249154,12.386085653828506,0.7320117702764549,13.157098076266937,0.6724140409241595,12.651226152914496,0.7262073096461872
7300.0,5478.180144079913,9.5,15.141607756157494,-3.442284159276839,14.576326315756614,-1.7557212476092299,13.209917138544819,-0.3959847412392906,13.232085307285654,1.152267589573856,12.745290999239504,2.7659173465054145,12.877756167043955,4.459805666528896,11.901944620741709,6.116351500309394,12.655437158457028,7.866577726142694,11.628174821035628,9.698067331602534,12.544204475221331,1.1541395596584407,12.270306037562786,1.2135404240609247,12.818107015928252,0.847286654223239,12.307443246827585,0.9805000804263624,12.461834634476775,1.5483884299996824,12.761543235425702,0.8786382319931079,12.622324869875689,0.4202036623097526,12.49243157366201,0.7415655209780889,13.255199668083673,0.6854403570349572,12.73915909132203,0.7339004935242617
7320.0,4978.583838507936,10.0,15.160882607442852,-3.3956598628648558,14.617406132881337,-1.731200127033737,13.255941600321004,-0.43279873080079645,13.291072912169023,1.1589446037727473,12.797879711158014,2.7540759782918096,12.900991092762732,4.52627170807741,11.933664915901455,6.1038155315537015,12.713300651891183,7.856428517744787,11.675541395956019,9.701959611341962,12.59681154800509,1.153124824298848,12.303763530518683,1.2161074004594319,12.858245408292936,0.8461988866777874,12.374966460074294,0.9773437314019142,12.5266278713223,1.5442947204070907,12.784942560339314,0.8800345124462405,12.662354061097364,0.42078456145815474,12.546376580867697,0.7433359661680321,13.303768565760006,0.6859128551507021,12.760694292995238,0.7301001941518983
7340.0,4161.818692022085,9.5,15.188793691168007,-3.4115316363091637,14.655479404996717,-1.7439381038908088,13.343758824777453,-0.4030648217880811,13.319297298574469,1.1899468561606028,12.876421745893051,2.7586581739354243,12.998215449072962,4.534470618671383,11.992573116157791,6.120195594327635,12.732650776551084,7.83882787424577,11.741699917600396,9.633177716705672,12.652113930534805,1.160557190572475,12.375747611093846,1.2245233440253909,12.897850112992534,0.8485070943456797,12.42047783464314,0.9832838703429557,12.586641052674045,1.5477719941218944,12.827057010965088,0.8867973267127454,12.692321064174887,0.4257546386224595,12.59326429689786,0.7489212979463864,13.335998616249569,0.6890775153976179,12.80764686116827,0.730965135176812
7360.0,4104.150219039319,10.0,15.243673000600342,-3.4808088402347446,14.684425811189266,-1.7693058112052669,13.38721250241409,-0.4112037423683506,13.320954179527892,1.2026041514055843,12.835989497816229,2.7736965253972183,13.05554232467008,4.518697921936712,12.0190970710333,6.13407328889397,12.808006850893127,7.917703713361701,11.808347918354736,9.72228893905412,12.679505571802448,1.1612391979131451,12.411927942167903,1.2264120476652893,12.922085794212569,0.8513933806261258,12.452323020514187,0.9971393725582518,12.612587115425676,1.5518875451442697,12.854163001459176,0.9005791430987315,12.726805831745292,0.43920960644424856,12.626914088129823,0.76017898633754,13.370258889577798,0.7041621917356092,12.839293163015418,0.7430520579234445
7380.0,5747.167106965475,9.5,15.331262421610578,-3.467005395394124,14.808606139491559,-1.7970909914782092,13.462229956225624,-0.39226638233042466,13.442368034671787,1.196221890851907,12.968031648428099,2.8076985274342676,13.087619817865477,4.465894201089202,12.080429582366644,6.1201367014028865,12.865599541623078,7.9136923913439485,11.813119939773106,9.699980115622974,12.734120029991772,1.1660385618823694,12.500035113346994,1.2181871143202896,12.987628938271069,0.8567712204314445,12.516549146628824,1.0044529217700715,12.682942463579632,1.5569805128239482,12.918667080235071,0.9095071772708371,12.808528476092272,0.44449538027031094,12.676448270257584,0.7675502720438745,13.465534342491935,0.7173533982260676,12.907690192352316,0.7479109675485426
7400.0,5220.244486835674,10.0,15.398888950690019,-3.445842309766666,14.844214457115893,-1.7727425037804352,13.4982240807241,-0.40661784271346146,13.480302392648397,1.1934161873223479,12.967086932552977,2.7880105188832216,13.093882579975116,4.511465880719934,12.126870189521966,6.122584989726151,12.854773197163107,7.851342565147995,11.86605541616754,9.724348370893324,12.767445358998163,1.164652417316003,12.530793580143513,1.2192399222825574,13.029258814114822,0.8590806141835134,12.561663075165008,1.009881022776408,12.709176700095409,1.562873537883413,12.97389792591361,0.922146712877787,12.860887735436611,0.44811338959663766,12.717253366908782,0.768575204504845,13.526784504727862,0.7295324037726142,12.967492467219575,0.7582894597116232
7420.0,5908.220679784249,9.5,15.45031905580638,-3.4471269407483502,14.889056590290192,-1.7605752024968329,13.56816694073467,-0.441196957989626,13.564789570542615,1.1827410120077062,13.047049203988212,2.806745408772605,13.180045553677946,4.532236324041152,12.237539945941606,6.165396728205762,12.93990393108366,7.868841769812169,11.919366950645914,9.648966542288804,12.818425416175836,1.1583746185356736,12.57264171811714,1.21745607500057,13.075927348736979,0.8599343880354159,12.59994135425831,1.013805884056143,12.752880666772207,1.565424651080506,13.00459078533174,0.9279020581072157,12.898983547837313,0.45069101404718437,12.762760977543131,0.7675037523589248,13.594096844651563,0.7298591604824959,13.002178486951333,0.7536407721667
7440.0,5607.702433341245,10.0,15.481014994676121,-3.416715764081726,14.913852462290473,-1.7628963192148401,13.603141714796939,-0.45223214820317353,13.548894336228878,1.1824394580116842,13.069659312701855,2.792721852653595,13.242087672303501,4.530405714707428,12.246050778616002,6.160338967396244,13.020627634489324,7.943412836828687,11.973637295270478,9.64248739117281,12.851733240444807,1.1607338594368186,12.615997368304942,1.2238178301809275,13.11702969297788,0.8638118554565652,12.646033378052824,1.0181760303685785,12.80053778256636,1.569107734700731,13.043151981447,0.9310123311873605,12.938362530036054,0.45729122932714095,12.805262582023241,0.7705187794821351,13.630395694937596,0.7341296475728281,13.03286453498789,0.755595097248797
7460.0,5967.235786502393,9.5,15.512400856456102,-3.450587715071729,14.997800431109559,-1.7949512759241912,13.676394540509653,-0.44171037229413485,13.675813374181166,1.1961304053457418,13.194555597872782,2.7912546081394036,13.322255408479355,4.468113600200098,12.322806732275588,6.181817393866008,13.053730886170502,7.900640738309212,11.932982518615725,9.737915072199351,12.8893782479422,1.1573835882306809,12.655775012573304,1.2202011210815047,13.164017359056317,0.8610033853806816,12.685527579229602,1.0168435684802386,12.846127685071982,1.564023810900153,13.0996120386124,0.9310986229845415,12.969930595623714,0.4541204224761228,12.842350616030341,0.7673322571617884,13.68306849662186,0.7331791627962521,13.07812780490822,0.7506112707958096
7480.0,4521.942528768433,10.0,15.608638760858074,-3.4541017715380677,15.063017592336383,-1.7964607643078405,13.765466372965326,-0.3942217461810287,13.74030540926916,1.1716181542121924,13.212277164205275,2.7553802490102752,13.344491849486005,4.507393644569946,12.315153957117474,6.161651481490795,13.050248024385558,7.8911740289318,12.02385519313306,9.702954931197782,12.963278336293362,1.1613051040826725,12.73424189140098,1.228691843239697,13.243574673209164,0.8679580446883552,12.770598634960923,1.0275589649990307,12.902254294695222,1.5662947950508603,13.186866973230806,0.9416020050121263,13.046932532129532,0.4599432209041395,12.916811275466614,0.7786590544271627,13.762627187518351,0.740046310857163,13.15935206113673,0.756798542361427
7500.0,5035.135705945741,9.5,15.641205331846624,-3.4400021618200114,15.108644517421691,-1.762996021348337,13.791488724926975,-0.42984910405756177,13.779527053935329,1.1360355085898832,13.226591950871768,2.719940093357933,13.333521077991557,4.552395838580468,12.315904173943327,6.144584186461129,13.079373428554897,7.940437640893768,12.080856230014012,9.702928368532165,12.99465138297214,1.1595127459882193,12.770373131247819,1.2234329094226308,13.287743303652755,0.8690515170087961,12.806620824247506,1.0290111771615897,12.943280334898239,1.5657526619539741,13.233232159092035,0.9447773588919149,13.096457271861974,0.4650820369272271,12.951081230595829,0.7801515293214697,13.823457699832918,0.7456746463430168,13.212353345181603,0.7561302847103109
7520.0,4183.34030377022,10.0,15.677015989791736,-3.441328561391532,15.14901168122787,-1.7394884660106555,13.86698697361199,-0.47913929652904663,13.811327437608146,1.142192143251438,13.30462597298983,2.7078442559621143,13.391304956404998,4.495765959686148,12.406370143107548,6.193123285840715,13.098433800307328,7.935691786337955,12.059012279941987,9.73850962451667,13.044562326403971,1.1846370558543096,12.82819668119646,1.2309325965859672,13.336902877030857,0.8891608079896404,12.86182412781655,1.03870403143433,12.990276162058766,1.5667335805113445,13.291748133891105,0.9621491741056019,13.133236613938976,0.4895608504268609,13.000753333206816,0.7909361181735309,13.868984332878075,0.760518070616402,13.266814762073512,0.7864604571257623
7540.0,4257.631311289881,9.5,15.711758283602013,-3.4434262386022674,15.184245927785337,-1.7702854620596304,13.894508905788765,-0.4576502512877688,13.825018979726195,1.1499738936604273,13.331299775232448,2.7225040396091567,13.475101251557778,4.46812910218465,12.451827541213913,6.197040142769806,13.14157708054133,8.031361580652476,12.072586685356159,9.772632153462332,13.069599960454829,1.184984595533149,12.873203103308265,1.2359362381824863,13.36358885002291,0.8913814453706547,12.915818598045728,1.0364955834651997,13.049430161645404,1.5657482562458243,13.302520742129378,0.9642121238657719,13.171142199789733,0.49368887525420646,13.031505118455149,0.7930063149103554,13.895764569126616,0.7634937073889133,13.287861614492389,0.7890452949684423
7560.0,3726.814741503354,10.0,15.794398286910734,-3.4487354957984726,15.26715778566568,-1.7887989377488416,13.951021489956684,-0.3694164876217335,13.924900276363326,1.1445640520231,13.446268557258914,2.6971595827664157,13.528829733897018,4.438839656164399,12.537712248942167,6.170590614629103,13.136498965403751,8.033074064234246,12.037424829899981,9.827323882442894,13.145685691099867,1.1891742459705479,12.949382179706074,1.2428417030164414,13.432351871426395,0.8973229299702592,12.989986103819934,1.045717320240842,13.14094522216671,1.5723536231020774,13.355383340538035,0.9526358771129756,13.22659959006856,0.49835588848911694,13.094855091784193,0.8022822285692106,13.944034821142276,0.7699327317322313,13.33525768640917,0.7725308809392893
7580.0,3232.497291913925,9.5,15.846673092444714,-3.4134014264605823,15.300255933750961,-1.7436159788833039,13.994509960070147,-0.34648653158859105,13.964025591800866,1.1760071080048677,13.461874135146294,2.6812518320256187,13.51507339199506,4.490416267123566,12.523896329496887,6.163015968412838,13.168364029603122,7.981659273550163,12.104682097564698,9.77034327146781,13.197440272020566,1.1905534444718713,12.99613222825694,1.2306181158086669,13.478676408261475,0.9011217967787284,13.040110276477858,1.060565482561041,13.172938033058355,1.5743655132115235,13.416700600616242,0.9626109892598803,13.280986647756515,0.511155579502354,13.145811443751018,0.8142505066933522,14.0101526362502,0.7804888742612135,13.399032690280645,0.781068796173838
7600.0,3310.695677917577,10.0,15.88814164606058,-3.4555893906723036,15.299394892668499,-1.7148444094655797,14.04344729195802,-0.3218722057703767,13.979544783662575,1.1936002078610017,13.552490004261472,2.7156183132230067,13.571588770504567,4.4614662431341,12.597946224283683,6.168777577905501,13.23697533204425,7.965662057974005,12.156515997122833,9.702296281318997,13.245920154691206,1.179244411960752,13.03211352967683,1.2510036057100549,13.531188325383985,0.9001071071443242,13.062786281507353,1.0617069060309376,13.239454274369967,1.5750362294453029,13.447751090668286,0.9664141266364992,13.311468525517592,0.5240735012232423,13.17086069298037,0.8178357769917257,14.0509047186822,0.7823739934856765,13.435642128548817,0.791636150095383
7620.0,3395.1998884316586,9.5,15.902099773077163,-3.3920777094415593,15.31732281720825,-1.7092016611569698,14.077187056454727,-0.32026599449457843,14.001324474232206,1.2124915248173884,13.535261952273874,2.7462821918514257,13.639236825361087,4.468453584539555,12.64957842431626,6.170337475834954,13.260104665407027,7.992279358229555,12.191741603843418,9.751302327950278,13.276843245892824,1.1849752675916967,13.098070712276396,1.2601502427693103,13.550522994547658,0.901564926569956,13.102999551124821,1.0687098166497726,13.283838704152657,1.577057029987738,13.464631969988062,0.9794641715924219,13.375814953973665,0.5330393546537164,13.201316186295013,0.8287069384553145,14.064829573818637,0.794768164095695,13.452968518363235,0.8050891316221218
7640.0,4264.964312131787,10.0,15.946412672684195,-3.3717896816041035,15.419880722284613,-1.7067605827926786,14.126105106596162,-0.34986917674262746,14.083065216961364,1.2181952139712502,13.553759571472597,2.781211374149237,13.685573187437011,4.440771157123356,12.727510970268181,6.135261012189244,13.352755937878516,7.985301945457216,12.270068313164819,9.734608755247677,13.308102554557971,1.1858074004222436,13.158782982796236,1.272250237403436,13.596597740784699,0.9033552701088029,13.157929614067934,1.0829950997493663,13.3169519244616,1.580607067050158,13.535167780181217,0.9940608835309801,13.453693889596622,0.5428403449453904,13.24744215112408,0.8390070559423422,14.133877886110435,0.8101552327850335,13.53395782175146,0.8172244815167595
7660.0,4481.20749242109,9.5,16.044986403843733,-3.3521501516364864,15.498566536909468,-1.7077609564044507,14.170488419475115,-0.3202948726389536,14.069578924913538,1.2380273115324263,13.570928466127594,2.7809875733082765,13.730952920053308,4.473214386803489,12.752072875045894,6.119969011111539,13.364301807436425,7.935227378398888,12.283399735456973,9.779036679292277,13.337600171231879,1.1888884800941795,13.173102373981441,1.2848718481690238,13.624092087306412,0.9114067893765576,13.187011541184237,1.0988295206218024,13.340765123111845,1.5879436282445694,13.569600943698788,1.008779412543848,13.477580059363422,0.5553644489036623,13.276056984353591,0.8560282104582384,14.16885382810003,0.8230639358571009,13.567013340040706,0.8287735152926853
7680.0,5290.4701240413,10.0,16.069739853905013,-3.3688681043787296,15.54048659615736,-1.6946361334670894,14.19490306443949,-0.2841083941080774,14.151700344203672,1.2318702485070872,13.670790738690055,2.8041128126643367,13.76544045819242,4.556447964190492,12.820031184654221,6.151857625228915,13.487410235247953,7.901547227209837,12.341242666013098,9.667753451738921,13.364946380986643,1.188001607222185,13.193473104255862,1.296494205542194,13.663106375421943,0.914067626788273,13.220291769125302,1.10472057363855,13.392705477525746,1.590961973411654,13.597500750556264,1.0155601161231247,13.51546759562387,0.5653047385185642,13.302030630969929,0.8625217565430983,14.219291334756306,0.832633769966546,13.600342224059242,0.8376375846434557
7700.0,4956.76360722231,9.5,16.115768910400753,-3.3785464744028837,15.593475746015141,-1.6843580274818741,14.28200900661312,-0.2800918899959588,14.202259393062437,1.238736130983885,13.734146885745483,2.8311098832326103,13.833452259905584,4.5440356302198115,12.817252771326114,6.1802256197352,13.512359724289633,7.900077473024093,12.401375394166745,9.634396121621895,13.435643812083697,1.199339985242353,13.248292245409857,1.3053129164167703,13.729855357172003,0.9173515665067663,13.294482664534623,1.1106348962197607,13.4747552056708,1.5966284618823021,13.655074428369664,1.027176265092608,13.549630462790569,0.5699558235567488,13.36983109351739,0.8689547496091615,14.274001915059369,0.8429716710104763,13.633988240232245,0.8487490683499352
7720.0,6046.923514972018,10.0,16.18929668244269,-3.4032286400761294,15.618017433829994,-1.6732333273987745,14.317913901222326,-0.2839448519550289,14.244329305875658,1.2649571812522198,13.706331447054112,2.8496142253004257,13.887246632817213,4.5121707831976,12.812999576857568,6.216877534587448,13.53886077490014,8.029162034075844,12.492462188844224,9.727820948410493,13.472179433216734,1.2034311286978392,13.282749773746229,1.3122963277779403,13.766582544068338,0.9220416631472581,13.331541288674066,1.1154229381092622,13.512554474749333,1.5982928856559717,13.689454778165901,1.0329362575249577,13.597316621476793,0.5762257638420284,13.39712710400712,0.8736242312396536,14.306798673143437,0.8478147446280703,13.67672066644172,0.8535282584267561
7740.0,5838.410375526431,9.5,16.274975681058248,-3.366196118868218,15.708940965444782,-1.7279764121443884,14.381518531944334,-0.29254979948861914,14.276793478784773,1.2660072680655226,13.780038917903052,2.7979530080096344,13.861248300709098,4.502597484386679,12.87007756442966,6.201734918931371,13.55837802488018,8.024490431995535,12.473893853212996,9.74162578685836,13.515103851754876,1.2070837136655757,13.348543142352383,1.320808902509206,13.814255233542838,0.9290005599312063,13.387144713669068,1.124149970067537,13.553537063274309,1.6044412446200174,13.733273983847496,1.0405116133385366,13.675809687329803,0.5839099295543584,13.439808036481015,0.878852643138846,14.345587652760864,0.854157301404473,13.7368441414487,0.8614842895741441
7760.0,6421.911093138691,10.0,16.33544605019521,-3.359718964917876,15.792745667957481,-1.6966819536917206,14.393928870874097,-0.3335701190815864,14.295768471594608,1.2266430233121954,13.812684301399202,2.7739981014653057,13.881755464355544,4.576591679086894,12.883699498322898,6.218006945747639,13.535919482994924,7.964686890759064,12.461470365373788,9.76223938712044,13.550602340482115,1.2218676040594132,13.394178573602227,1.3249321425044107,13.860209114483586,0.9390795514188488,13.435073314369138,1.1431985514920038,13.587214509936624,1.6229341682027496,13.79193770213747,1.0599898784638708,13.72191157795188,0.5946309085191159,13.492827263990696,0.8834435324778804,14.395626387105821,0.8734734574134372,13.790122224158367,0.8789120955179935
7780.0,7085.407180355411,9.5,16.375430916530053,-3.3170511814864425,15.832996096780448,-1.659827380566315,14.403832452192711,-0.37781133670493805,14.344733491717486,1.206399567389947,13.84795580835472,2.838219728967128,13.955823089557066,4.574592763293229,13.037171100076415,6.1812618361091705,13.622592696983919,7.974735905944401,12.48608807716953,9.762940913956545,13.571087230199328,1.2190916626349229,13.422625650977903,1.330172706215232,13.889742152197622,0.9377915433547617,13.4594856873909,1.1440766297652059,13.630132329814652,1.625176442112863,13.82405375673584,1.0631999934457181,13.752932301602153,0.5944908331458407,13.523777230439347,0.8866231153613683,14.456908170625098,0.8766561645145698,13.822018884723946,0.8796760178554456
7800.0,8054.224746200935,10.0,16.39413724199249,-3.3239108980389274,15.841704244766992,-1.602453820889729,14.459099095146769,-0.3900780157220985,14.363381205506553,1.2284292510496881,13.841070505582076,2.8758959464726113,13.99086873241104,4.577861428268093,13.029058560613995,6.215282396664611,13.680623428552952,8.019790464960069,12.556573348456368,9.733323383873728,13.637268838543026,1.2166069550918863,13.474840492233856,1.31359815176843,13.936159079262108,0.9223388512325214,13.538653550035955,1.1211435024349146,13.704757275035902,1.6105807766023124,13.856663331945,1.058600286249623,13.792910470339502,0.5787163048475417,13.594711080926254,0.8730508061321915,14.493064521294382,0.8796352960071984,13.859494637622968,0.8769593598470816
7820.0,7895.732058454048,9.5,16.49752796257263,-3.3200580139871745,15.940626010758063,-1.6163444961743818,14.485115315778026,-0.31544297913117875,14.37984424536533,1.260661304709402,13.950516023875327,2.8575797775168312,14.057046001057762,4.567347038849734,13.022978187791699,6.26412509429028,13.719081577241553,8.051667249598372,12.602199718360652,9.810347396749071,13.659159735693951,1.2191308783614014,13.511153584262264,1.3203648872570999,13.966516978586887,0.9238493804934551,13.562548374751648,1.1228865453824124,13.726277399967355,1.6120710267140594,13.927953148794284,1.0635609420119987,13.830107692423613,0.5826780533490012,13.612041244949395,0.872937410652648,14.5257288635643,0.8830097016673667,13.918372948791994,0.8866144567916212
7840.0,7983.988001281716,10.0,16.60737337301304,-3.312180984074294,15.989943120200092,-1.6477331023544317,14.564540569887308,-0.2583370448847075,14.427866210674619,1.2843689839118089,13.980274385828363,2.8754646199110745,14.045445205988766,4.592590284629277,13.084312809138634,6.265617703168621,13.70062619303749,8.040083035532323,12.612530679895624,9.830055352244688,13.720931162500003,1.2246232839208449,13.56220790970608,1.3310691876353409,14.030706856072177,0.9323948191214916,13.627115170740396,1.1362347929611925,13.782581728883489,1.6161859980846374,13.985556585123367,1.0782542898444993,13.87872823164815,0.5938529965162489,13.679057277275358,0.886456792972836,14.576788588422222,0.8933583912644172,13.968587821511026,0.8974819852623138
7860.0,8713.162764347191,9.5,16.603967062822598,-3.3852882730345946,16.016163925178336,-1.6129353231355257,14.594132315501076,-0.2708893349802785,14.460547672272904,1.2656451737352474,13.97516393631175,2.872532808122508,14.073612674603329,4.621965900181092,13.141694292612726,6.275387311085655,13.803099421461786,8.031881575307967,12.666482906746797,9.84017044447128,13.748153106384425,1.2261953889289332,13.58128453224263,1.3410142106406808,14.060089988566386,0.9347084172733029,13.661483420299627,1.14440639090743,13.812314346182774,1.6157436478666238,14.02676111411696,1.0887389023455911,13.907760451793141,0.6033855785220485,13.704158184666971,0.8948975116801586,14.62662830971539,0.9036116295177197,14.001524341934253,0.9076396982032324
7880.0,9023.50915923744,10.0,16.637455899926998,-3.3706486915766476,16.05489086712111,-1.5597870475003766,14.696326871572253,-0.27962919531707764,14.546402563109108,1.25454483390302,13.979716049403137,2.908648529473416,14.133339297961697,4.608814570512036,13.204681689149997,6.2415572377292445,13.859084637150236,8.025131403428041,12.768208066215726,9.774459739711947,13.810874780512103,1.232210515325246,13.635448482934269,1.3484845685648494,14.136439180169186,0.940466686505421,13.707798237673632,1.1501432657257162,13.860713627412498,1.6155521165061977,14.068556275153753,1.097618890323109,13.9528949113468,0.6101846267442215,13.749854161701185,0.9015591923607224,14.657226865481755,0.9084743915766799,14.058680712652455,0.9226569776477749
7900.0,8775.33594027998,9.5,16.6800894770824,-3.3237689313788055,16.12724156026093,-1.5408139317378953,14.724163801992677,-0.22930862939701235,14.568975085665025,1.2658121833658336,13.998429824773552,2.9224045378795123,14.17725457103243,4.629448408521014,13.206161817938039,6.247073773805707,13.916070686503923,8.042830669239859,12.83982875244567,9.797002827206349,13.865977597749023,1.2154212575791923,13.688895342524589,1.3354554152314875,14.196091438010905,0.939535943382775,13.779540251573835,1.1304346267226628,13.936097050308282,1.5941305919997897,14.10115491477905,1.1035212906094372,14.023483871891367,0.6125631583867405,13.821273585966441,0.8872564503245723,14.716229955010665,0.9153521291303626,14.094907800818373,0.9283912324995359
7920.0,9229.139040550774,10.0,16.768754557877497,-3.313526734653389,16.20667445088375,-1.5789725386257352,14.76806814912211,-0.21380979910693715,14.60744815897288,1.2772899782391283,14.089808331852414,2.938466820723983,14.205412698803755,4.624583721486362,13.241778853634594,6.338697056145475,13.990020560196788,8.03327164260099,12.860634846715318,9.76220759626511,13.916549245199263,1.2228730679014128,13.722927827145082,1.3558454931590074,14.25086736871847,0.9479068894553973,13.831482794989515,1.142876728317109,13.99401127057626,1.6019770217175306,14.136937779108077,1.1186355622742439,14.076601436727367,0.6220900735573143,13.861681724545502,0.8986128248231596,14.765393449928908,0.9282624672586751,14.137178267576852,0.944294788055538
7940.0,10364.718829889265,9.5,16.808152551904154,-3.2943572105616488,16.269299926223095,-1.5830333897702777,14.840544554735965,-0.24718564592180226,14.641530374557556,1.3678103144743328,14.088543237780879,2.9297536983344545,14.243382912295084,4.713894953422678,13.264887886686997,6.364810521652171,13.968915312508097,8.050679030186846,12.89059160590486,9.767340725030877,13.982172557908322,1.226932019483941,13.77484820419088,1.3628369366904336,14.306744204023143,0.9498172650687133,13.891980091470348,1.1462176104154789,14.051237619933332,1.5989248303504027,14.18828261640985,1.1234225460299228,14.14317132239315,0.6301805895331258,13.91903158308823,0.9037183257187493,14.82379667227794,0.935480415317816,14.201346663232846,0.9508844035359235
7960.0,8876.098353129813,10.0,16.824391901778746,-3.297607247568899,16.306585812162268,-1.5495235113437587,14.890360760108312,-0.24726305306515828,14.716667194302275,1.3492788346956766,14.130357531479182,2.9286165598771614,14.289579085935477,4.65602011705049,13.309800786505942,6.334951400862354,13.983332895550557,8.05768769117996,12.903464406703401,9.858367356911698,14.00947583968389,1.2420038171868457,13.808727865731944,1.371203379739971,14.345334172524113,0.9659297002511901,13.920785815244887,1.1668814229844322,14.087274333875357,1.6143818803653094,14.223615661583395,1.135307304462137,14.181474066582037,0.6498595938855731,13.945010910967543,0.9280362762290588,14.866696877486296,0.9590797124452303,14.227949649716411,0.9587222337213681
7980.0,7860.841602826241,9.5,16.86995327083179,-3.3131646683806935,16.31192263236272,-1.5177214963850676,14.94269707716668,-0.22031828855287752,14.798459674625036,1.2650492376748868,14.116672018597725,2.9509402158648936,14.291310335271067,4.658387784990708,13.330004517041612,6.354305979225801,14.069411680648255,8.06532429123937,12.989912722077989,9.822630581734199,14.076900100752919,1.238367702236299,13.88524357297021,1.3677256194776766,14.388597473964532,0.965944204147205,13.99587850634226,1.1350679186430486,14.155262777198478,1.582868767031154,14.272512042663802,1.140794612217741,14.239457735375634,0.6543697251466776,14.022497074111788,0.9271172815094963,14.916435123129776,0.9643995788681685,14.279233196809397,0.9632260653037577
8000.0,7728.102092670709,10.0,16.90946911300781,-3.3300471565670855,16.380543815962582,-1.5513920297284258,14.950203715450055,-0.1968961699188606,14.796822543339582,1.2951937490774554,14.193677791181482,2.935835763094826,14.343275782687096,4.654141270347165,13.381125952100666,6.316281938586557,14.152766402704572,8.06566614122826,13.020524371370396,9.789923507164836,14.102770295850387,1.2434091709978083,13.927908879629337,1.3799240292240322,14.417848423813325,0.9713600898782898,14.016278613161086,1.1407192948431017,14.190703838479237,1.5871228551647032,14.310250757027424,1.1501551284219358,14.284152388197532,0.657235530087726,14.041084794443574,0.9302004655888709,14.970118661528716,0.9726111309693319,14.32399892600337,0.9869603847048243
8020.0,8019.494471267901,9.5,16.987672959055775,-3.273836345223787,16.422308462228848,-1.5691953498497497,15.018703875378682,-0.21346822730745307,14.838814641843033,1.3214159667215482,14.221528338983262,2.958822556561592,14.375682045138017,4.717673094150732,13.406862690794625,6.29785350592974,14.09283898671687,8.066919850230974,12.985219756224243,9.845223966330526,14.156115683568004,1.2497744244382432,13.950042744508389,1.3766178504112716,14.469313000528913,0.9787364097854437,14.064647781328455,1.1500015801793153,14.229767970929007,1.5832913533292228,14.332588565642894,1.1630433792602752,14.324791836698239,0.6615391360496577,14.08870045438895,0.9336650669524651,14.991580078761462,0.9831333593513308,14.34645994916255,0.9970783322152487
8040.0,5727.175115612957,10.0,17.019538959061805,-3.2450698137161695,16.465555389748594,-1.5221546386077618,15.049626203791624,-0.23478604134590486,14.906307314445849,1.306436060611384,14.332712663520292,2.9992054270566237,14.430688887097602,4.76112658793029,13.420712498440206,6.2921869159124455,14.1601667629838,8.02325068323064,13.117524948210871,9.792010515048409,14.221800548448453,1.251950423507608,14.013544119754636,1.3892499474364643,14.50934696747684,0.9812794345447211,14.11911658658837,1.1608830528388185,14.311610966977714,1.5840995614549496,14.376118414431886,1.1746605481413135,14.356530315778182,0.6748113551623026,14.14120524965368,0.9442756207011959,15.053865551799069,0.9982725282607714,14.389132501479446,1.0114302897066823
8060.0,7153.92564962536,9.5,17.032842147514238,-3.303184873020393,16.499654366165657,-1.5251270594823176,15.105555864510588,-0.24799949578749728,14.949223333952073,1.2686244622649312,14.324408573070295,3.070702334759363,14.479301704972801,4.708374355903824,13.46657480597458,6.330379123276237,14.25095115650719,8.006486219805893,13.164046487861508,9.806333135836454,14.23869159761345,1.2512777112092557,14.05173177002241,1.3958633554798996,14.539118348490046,0.9824803615346382,14.15795467701758,1.1671513871817303,14.335181785453022,1.5854078226366262,14.43599862390192,1.1834532218390696,14.384812225961209,0.6773599363878039,14.161518800170388,0.9495708659736689,15.078447766984885,1.0020574945365852,14.443400101037742,1.0149617990157305
8080.0,7379.320273235011,10.0,17.10455424638308,-3.315330780454514,16.52826151173297,-1.5457856212085392,15.123351924309341,-0.18459745882432999,14.993506637427663,1.3293990050788576,14.311442485342798,3.0928176350194336,14.502913031337936,4.741144168814273,13.5073119935959,6.3248846448409015,14.299354484454312,8.058853264860415,13.210817425206084,9.829735335245612,14.272152888904932,1.255595563733733,14.093289206121545,1.3982624603306963,14.575425859941742,1.0053885001304326,14.1942278366408,1.179351455293785,14.379990599029034,1.5977646404822607,14.45275189725993,1.1914181951694718,14.417604151448169,0.6821805561119948,14.197733554049119,0.9628447146021302,15.106194088127543,1.019001058624108,14.466851188665885,1.0230375000768397
8100.0,6824.9626537230415,9.5,17.158283303399788,-3.2722296330866465,16.62600332932967,-1.5897818622449669,15.169287462069969,-0.15357764760284934,15.020862127809815,1.3435884929072766,14.435980871174854,2.990351307298042,14.553770285362157,4.73274171373054,13.589786257066198,6.327055014483209,14.356427405574113,8.03747317144306,13.26045622340707,9.806072465616353,14.317647705194105,1.2696830414161222,14.144258368218663,1.4053446047037905,14.641159906949065,1.0226472985399102,14.235235631256861,1.1953196183635462,14.419991929304839,1.613578204088211,14.504123493099197,1.2052036031877864,14.480478989507995,0.6945284345589956,14.237716603067042,0.9769042442716611,15.161141796628248,1.0351687306322377,14.52813424369442,1.0338778243122575
8120.0,5675.986635931762,10.0,17.19188273109644,-3.2305336842247776,16.645609761769826,-1.551054734521436,15.218171100873928,-0.17408927985307043,15.057286747038415,1.3484993361865574,14.418583241851948,2.984411271415522,14.60143588915425,4.8290074199118935,13.612601878046453,6.354662185130167,14.381577521519153,8.020554142516428,13.306447894235168,9.785511797983547,14.37004689621259,1.29705512115552,14.172841441493166,1.4041886579475138,14.68308193414224,1.053811580240496,14.285816394539856,1.2076104525710103,14.467672923045052,1.640682196340784,14.53403446672002,1.2269972174239565,14.527494847916,0.699003048695522,14.29501745194753,0.9889100239065012,15.204007493524221,1.0597192238550424,14.55127985930748,1.0577609189119108
8140.0,7905.054114464989,9.5,17.198606705835758,-3.214408969502967,16.62181851562388,-1.5072212699525989,15.246408327122925,-0.1838909338463114,15.123423325810895,1.3376789011949974,14.503614831927768,3.035184653982264,14.639744802149684,4.776946056437113,13.624618216810973,6.333313584869112,14.39813848239643,8.023409396694413,13.367298137369971,9.811357697635154,14.425008909317985,1.302578177225806,14.21926909388857,1.4212449752690341,14.734435608912772,1.060063201255277,14.323158591272904,1.2125869419373856,14.519819451721464,1.6476726489356381,14.59293972869376,1.2287457192685862,14.582304027385778,0.7017205205032596,14.330626373604721,0.9916333736895954,15.27057164257719,1.0646121904395482,14.61315388572152,1.0587423497336017
8160.0,8141.170899881797,10.0,17.237148175390583,-3.229484454404022,16.650530981287247,-1.474522001835926,15.308449330707594,-0.17254909344534666,15.158038107739856,1.3519967790824599,14.48868496117105,3.0384646326654643,14.655488439125786,4.735319021101896,13.682403431244541,6.3324943255042205,14.474935125162341,7.998964377314853,13.46442326146735,9.777430759982272,14.464677381396722,1.3047863773517634,14.248334251261051,1.4273643677346768,14.769424856031137,1.0683070735383047,14.368554471046725,1.1957129419025971,14.556989130337522,1.6267186399212732,14.640417605884135,1.2368022728925792,14.613222541852133,0.7021338738112133,14.379819758301903,1.0006114728384263,15.312788405614977,1.068535716182271,14.646529615349692,1.062886724794998
8180.0,10605.482187249427,9.5,17.33327249229326,-3.1927849497927236,16.731902766309897,-1.4746110860831656,15.344195564323801,-0.15858608810828034,15.176481744110532,1.3670975007598256,14.535214817019588,3.0096487016730777,14.69563503363961,4.707515299376975,13.75282310836557,6.322783941629834,14.515841695251368,7.993573950363844,13.48746151447337,9.830318988521686,14.523987327346031,1.3060456349620901,14.32627915339089,1.4308593051757785,14.815511413742033,1.0684393491186444,14.43051763979284,1.1998948817027861,14.611102592282538,1.628915970176609,14.676938567776096,1.2418485278526743,14.688291234374352,0.70163177287126,14.443003336686317,1.0031550022903208,15.363842241339194,1.0713521370878627,14.70893212666239,1.0646959746500886
8200.0,12146.072266796906,10.0,17.418723832198943,-3.2090595195729366,16.806731475373788,-1.4780168337707782,15.392280091949733,-0.11877055282772866,15.211331089336511,1.344136277026758,14.543619739367468,3.0064629581008018,14.674408824907127,4.739384726513981,13.704568210393642,6.318473048826412,14.51417557372811,7.989080998699412,13.532414508718636,9.826634874500767,14.56143755377928,1.306594301658436,14.353553003490362,1.4418625035129247,14.869926789273077,1.0710683350154797,14.48040709199409,1.2099336258221756,14.646986555931074,1.6324646258887416,14.72180669782413,1.2544479645724282,14.738049114273338,0.707246346984003,14.500391006559344,1.0160984115184837,15.4139987990587,1.0814094155253184,14.750688505462659,1.0758060983803917
8220.0,13526.36095693085,9.5,17.480991258371553,-3.2009672182592177,16.8343196056385,-1.4666174772293155,15.457159251393005,-0.12764567016568512,15.29344889959172,1.3362692159372611,14.598553791005457,3.0149873542017613,14.67581318743117,4.801695655008632,13.712943996430221,6.2890230120029935,14.523454175794745,7.997792333185652,13.59837384502666,9.766135143936662,14.580013833987678,1.3078863016547007,14.378763142334211,1.4518919609176695,14.904511845733253,1.0720476072884249,14.506182930842144,1.2094413843733487,14.667653025598458,1.6321898003178297,14.769168688776512,1.2585204864715307,14.772280550432976,0.7028872913853819,14.525268580089872,1.0170644124099897,15.45781415965691,1.083823755853187,14.79022696184692,1.0781319299730472
8240.0,13568.038991713769,10.0,17.50124852619498,-3.1825884672669886,16.908229498396587,-1.443701546177044,15.494589180536233,-0.16114386956133211,15.315845809184873,1.3152772544290983,14.664728185382106,3.016900090701375,14.733966189910532,4.744762860419633,13.73869018179791,6.26110138204979,14.57534009967782,7.987082529679223,13.617413416567757,9.803019203947542,14.623345433092297,1.31189623896191,14.40588943765681,1.4600223492149593,14.933911812355955,1.0767672324462585,14.527287291633565,1.213586297085012,14.700479134238538,1.6329264097929705,14.822794592371684,1.2715335755982977,14.796730195956332,0.7096432549616863,14.555088815207105,1.0294079963650016,15.484718465232646,1.0929376919619591,14.84039852298892,1.0910400135664209
8260.0,13107.652042606322,9.5,17.5714279448527,-3.1913707773750084,16.934528169843684,-1.425977463558705,15.536266499767198,-0.13032217414983693,15.333674098884993,1.3583915888378155,14.635659394104227,3.0153342882665584,14.802183570223141,4.6791259062553605,13.817266913418255,6.274076221222729,14.657395478725158,8.00287945741483,13.668084268639976,9.814714168358858,14.651027466024521,1.3144638310382066,14.443345413649794,1.4561466631753204,14.962977906570847,1.0789648614374499,14.56564506081277,1.2154324039755415,14.724141678891574,1.6308694716778078,14.861693947254746,1.276734995828474,14.840330214970312,0.7058543199462737,14.592824043070724,1.0351667861914133,15.520808045083268,1.0969351841146069,14.88405776057689,1.0938870797678306
8280.0,11373.879817659235,10.0,17.654512806393146,-3.1322522114554725,17.008741402052333,-1.4797433361318493,15.602098475555673,-0.0654673386661547,15.417553744919994,1.364966220339309,14.710686107882745,2.9343523313231907,14.813124939760712,4.677800674662464,13.90041611355149,6.278712778805329,14.69376365569193,7.98844519442918,13.678253571287414,9.81815516872344,14.682550841526771,1.3308689864974321,14.49330053039028,1.4657154399545047,15.00133152940786,1.0917883276645983,14.61459928943296,1.2377121584200588,14.76254667892801,1.6447675834545588,14.898748039015269,1.2974073541846165,14.878003415989738,0.7250204313017732,14.636946772366977,1.0673733721169107,15.548112959724895,1.1141860314438234,14.911444446846962,1.1108733562681135
8300.0,10433.107843832624,9.5,17.680329384733877,-3.0590303538819392,17.04703323523705,-1.4376564668791307,15.692541054151622,-0.07805363451369154,15.467217680722706,1.3593067034563524,14.750211930807263,2.9259427786309637,14.827293530961967,4.759361782864071,13.907596613697695,6.297300558204212,14.744037927093576,7.9509897420646185,13.779057933748229,9.746965153091361,14.738699499957482,1.362260155644402,14.558406294492382,1.4649250420001383,15.041950212964252,1.1255446446158381,14.695552256552162,1.2641367574935738,14.826718564377748,1.6729861987597467,14.949582015048634,1.3293268282810309,14.931038312875103,0.7508118125376345,14.715818578795176,1.0927996799990622,15.600409267296053,1.147299265502085,14.955999230754799,1.1425952709467242
8320.0,11216.611432805925,10.0,17.706595869039457,-3.0421576751355865,17.080280579784787,-1.3720942113940808,15.710841742741366,-0.08465398346644601,15.525218956419527,1.355418321837839,14.843831844040372,3.003602715332119,14.913578380594107,4.723973587756139,13.963827188452015,6.313265579594057,14.772760988421188,7.950722927823466,13.794250478115691,9.76447241835756,14.790825681324995,1.374605557010561,14.60754659628957,1.4939246733146923,15.09911626942591,1.1390109436506841,14.7315529587333,1.2668222132186444,14.889474893866913,1.6862736691329743,15.000553257440547,1.3370390182858576,14.970785789281134,0.7527492126931369,14.751900795957255,1.0991645946150461,15.66426920660883,1.1528555143856087,14.99532034934341,1.1530856535227254
8340.0,11759.181511598354,9.5,17.712829849415346,-3.0873222605660713,17.101892118042798,-1.3596793289297593,15.775811739799432,-0.054640875633204924,15.591406157659085,1.343357815658896,14.825232191145634,3.036111837527096,14.995093959964839,4.704445737382345,14.007174589727963,6.315982086003241,14.803285113624895,7.973285406468655,13.853430002594049,9.74855510902946,14.863254519075417,1.3790048266779469,14.674155499967663,1.4950945147001637,15.135629330131712,1.140502983613421,14.807502802643402,1.251701737116589,14.955971354142378,1.6667502025467518,15.055711710975341,1.3461150024430648,15.031432318058865,0.7663397646141286,14.828556780801108,1.1009174282545626,15.71970362848366,1.1612204821368437,15.047135001667982,1.161406383975132
8360.0,11654.855652970777,10.0,17.780260079758783,-3.087822175658034,17.15672599051161,-1.364246017166576,15.774824509017531,-0.03268116321063488,15.579463915793005,1.3516518955235068,14.882593825007472,2.9376281286049446,15.014410324282247,4.673242228627577,14.090451722743662,6.341208541079029,14.87788139049277,7.95495582075777,13.845389263473507,9.7891752455376,14.889181036249624,1.3827521419518507,14.692943064135846,1.5100850191498696,15.175310560818215,1.1418712295811433,14.827448839736713,1.2504040373899605,14.975283290218659,1.6686674137061543,15.091216863662996,1.348827792508272,15.083759816036249,0.7745012181456794,14.850306665227373,1.1021409559658306,15.764086089563753,1.164492379158221,15.084227861590557,1.1751076129989326
8380.0,13302.204973742313,9.5,17.92879375261386,-3.0329419322134172,17.272281144554732,-1.3567184695304533,15.868043785823577,-0.02474367200723011,15.655318460258675,1.3559344067522308,14.910885588226757,2.9537602788044057,15.040536421156418,4.688646628464609,14.14167788580894,6.30469428564894,14.856634924692468,7.949872323048898,13.906341386451112,9.815037234561949,14.95008666455531,1.3990914402244914,14.749332397544212,1.5242480916249201,15.215204558351473,1.153843946329264,14.900057511555525,1.2738930040669096,15.046084254151975,1.6758842592946332,15.128183063360613,1.3744235399133307,15.129932893935523,0.7946738257172841,14.919302646550438,1.1219387185551324,15.807168872883366,1.1881744404863377,15.122062755323691,1.1946109855493563
8400.0,15366.47452620708,10.0,17.94228697794806,-3.0299960350706003,17.288112971261253,-1.321502161331536,15.92818304022433,-0.056773798240514074,15.691318944033629,1.341668356773067,15.008938986968115,2.996226947230733,15.086864346996638,4.744553904518079,14.11145060878641,6.311501784529347,14.940210491650458,7.968943465454696,13.991641521721672,9.738136413138747,14.994891490921086,1.4117863155765975,14.786805906607489,1.536340873474232,15.267056958298388,1.1679934079886494,14.934420741462748,1.2779561687172762,15.079157288642776,1.6904277263367722,15.177707988467102,1.3787314810833136,15.184023342900343,0.8018499023602205,14.958143511886544,1.125818817572659,15.868352169519918,1.193226937477323,15.177259156713225,1.197455021445554
8420.0,15986.334812748231,9.5,17.981074055991275,-3.0080507858444294,17.3605473124198,-1.3197026215679375,16.00233203500356,-0.05151681741646243,15.693922453700074,1.3095696103107355,15.027426313404828,2.954516203410588,15.144777398876013,4.707741457485088,14.183718800938646,6.293169347903072,14.930696952011331,7.963414495741245,14.003430075457748,9.795408070098677,15.027726193089944,1.4145927965469476,14.81412981970605,1.5458541496857925,15.297229000449239,1.1748077146838543,14.96418291720343,1.2879700499785072,15.10247840287768,1.6959798543519795,15.214282912929429,1.3888121859067235,15.213849521227976,0.8062970225224294,14.993765097778871,1.1387492921077276,15.89585060990898,1.2004308544130575,15.216572986225156,1.2022492128294386
8440.0,14120.061072061542,10.0,18.061903038316142,-3.034188841732661,17.39143876676973,-1.3225644478776988,16.011988433335627,-0.019736199345963778,15.728363498706639,1.3157644254836363,14.999431644325858,2.955266930392325,15.201362237921012,4.664099432893648,14.22527103097502,6.324057337166459,15.009628985121527,7.972208564347143,14.071945652727152,9.777143872574573,15.038152753294534,1.416770599173984,14.847775277358924,1.5509585089831919,15.323169718816473,1.176649357774358,14.979691693533436,1.2910772823172119,15.124331798418163,1.6981966639855144,15.245579659378796,1.3946300881628004,15.255158048975904,0.8210125320084808,15.01006870789449,1.1442526474366648,15.933781530667925,1.2061233946234808,15.252126623492604,1.205282433319137
8460.0,13782.569155965228,9.5,18.154653911854478,-3.0555637615559235,17.496661870593925,-1.380107963320743,16.078821239681552,0.013685535925069381,15.825859735394834,1.3227094716987176,15.133674058949458,2.9908779177044393,15.236267277801483,4.674620464698911,14.257233701394364,6.304401034007126,15.042144411868202,7.962464069887905,14.076255981173261,9.790081814037698,15.092371309079695,1.4431131170788258,14.919910630615984,1.5567006551721825,15.380823236414079,1.1962872173031707,15.047241631218876,1.3068223696572587,15.16945575853787,1.7168230791269743,15.317741910861145,1.4084859067561823,15.321548244799782,0.8363769521792055,15.07081160045656,1.159143262860544,15.979672544955713,1.2180857882349572,15.337593644592886,1.2145496953449408
8480.0,11207.061501308413,10.0,18.17791657105859,-3.0056893831537352,17.556994501871475,-1.355076626638128,16.12037618350767,7.36769610353738e-05,15.852184773225256,1.3667385809650119,15.124016524288766,2.953980303094632,15.254265501049238,4.72942151734177,14.275195764685938,6.30307671475915,15.125596670928413,7.943612195375289,14.148925187610882,9.757402072031793,15.136970538836511,1.471520516133379,14.963616342951658,1.559490019003265,15.433710288400425,1.1975414134404636,15.118393110349885,1.311872383612639,15.235998092307884,1.717902851554916,15.373616134867692,1.4128353989086424,15.363071944727318,0.8376958546870327,15.133899601072446,1.1597898818476946,16.022728140493022,1.2215354994594616,15.372849837983216,1.2172276717911983
8500.0,13831.772299338234,9.5,18.151024681145,-3.0011217971273143,17.52321921551593,-1.3009822367516055,16.169462161344637,0.012117087348562783,15.900623623750382,1.3718843949793835,15.215813186195067,2.9593378351209108,15.296197247536472,4.705716387235241,14.346579475245544,6.323111529211053,15.166277226173028,7.963832074889611,14.154352489572805,9.781276982803949,15.172593668932176,1.482281848207819,14.989185117211695,1.5630451456851864,15.470371576589661,1.2085944027021924,15.13912920805384,1.3150511497775919,15.283444630222906,1.729471512075921,15.397109147006045,1.4176431209241545,15.400798437259493,0.8408010333900581,15.15454561564869,1.1619328212156455,16.06935467119038,1.2260515222676929,15.400594261687683,1.2196449562959377
8520.0,12562.890036793495,10.0,18.19551276175573,-3.008862360562687,17.53013035037384,-1.3157131990046689,16.14935651417868,0.008198579481370283,15.905643198999607,1.3454820664729694,15.1627044134331,2.9917152837238232,15.345719887981284,4.746524600317649,14.388196922048868,6.350605908313229,15.166027623213466,7.98544766069495,14.176487660490086,9.781894631385404,15.204361709833767,1.4872674242058805,15.010104020535058,1.5728998334240327,15.503024205040976,1.209696330137422,15.171921046699612,1.3228789536335417,15.314599459856717,1.7303322506317458,15.419532162096393,1.4257019235188189,15.439818203032132,0.856545018832439,15.186813733153453,1.1687988929114426,16.10349064101117,1.2342834089699848,15.42821104793082,1.2269692869093936
8540.0,14336.062187145339,9.5,18.224895984789974,-3.0385855049497748,17.572292972939277,-1.3700782414795771,16.203454606433198,0.015625883433990538,15.974605640274794,1.3602368428844156,15.230079347777325,2.965965233950639,15.360748739742565,4.6884764632022025,14.447743693152194,6.340796464237826,15.213236831596328,7.995271995305515,14.210459057644105,9.822295441426556,15.218350403178217,1.4923345735705111,15.042307481980227,1.5869346596876523,15.51338775933441,1.2122177969330519,15.195402412776073,1.3397265285795352,15.325791585634622,1.7335866857941693,15.443635799001672,1.442733535106696,15.473396954338176,0.8708863328795091,15.206197933927646,1.1851062341496248,16.126178378706825,1.251968832970761,15.462920390549755,1.2420599176268339
8560.0,16062.566110808166,10.0,18.340869673473076,-3.0408672694851235,17.676772881614312,-1.3870909228573278,16.2854059038885,0.026732893286787497,16.03642652237642,1.3851547483920599,15.290346402110197,2.965759372649386,15.401380064187867,4.673009962284247,14.478799576437273,6.31731668045041,15.21812905819578,7.985674470742725,14.21441813315614,9.842916809177677,15.267216088841687,1.5047545881653428,15.10538507901374,1.6075179027203208,15.565827858341041,1.2232396531819831,15.254101117347066,1.3491322976025848,15.378360678091965,1.745172681874299,15.494128790474216,1.454455116711293,15.537109570095144,0.8861619882110379,15.267119600445938,1.1963007134171348,16.174753046648977,1.2606460924921565,15.522788872382971,1.2508026952911893
8580.0,19623.30761296873,9.5,18.374581859026286,-3.0371511437509406,17.685067607265644,-1.3943874282596693,16.346693782595313,-0.027096664331837727,16.059253862487534,1.4202649946606618,15.332913625792603,2.9898358035804895,15.434815380957806,4.746236943994607,14.523909365432221,6.349399471183586,15.323785553735316,8.00101061796827,14.345987519858411,9.783893723916274,15.282900705473953,1.5059052848743184,15.132315131930294,1.6204358364450915,15.579945701974122,1.2253123443927154,15.268406174749558,1.3519060047538516,15.401172630159312,1.7488777806482183,15.515157340272262,1.4572090277490113,15.565967152122663,0.8856379902577203,15.28027475570516,1.1973883178773164,16.20420759684006,1.263976249366486,15.550271376456958,1.2523053811255687
8600.0,16177.013315940485,10.0,18.397221543226106,-3.033680808742608,17.734177212150325,-1.3885893465644943,16.42328862726194,0.010089949228478768,16.13212382770567,1.4013507235291243,15.389885332200896,2.9983702141868043,15.499762680259986,4.729578725513358,14.554195497528045,6.368281588297789,15.352313393694834,7.993090443798792,14.390330765602243,9.798087125206266,15.359082753522888,1.5213070079411535,15.19500233589223,1.6210839398537424,15.643517325848881,1.2430603861045495,15.340899555784546,1.3641111690362706,15.467884977723099,1.764418731211526,15.578758197516004,1.4757097332760227,15.629485383926305,0.912234149245362,15.377913445118315,1.2007075469638555,16.260514338591555,1.2800374702583008,15.60105608370318,1.2656212334242796
8620.0,16147.220174771875,9.5,18.48270243809258,-3.0263876857552114,17.764002504588237,-1.3923571533963621,16.445542468010682,-0.004811116783129399,16.17611998287668,1.3957809606522034,15.391122949654749,3.0111339986744206,15.549362452752257,4.75900699655038,14.579377714088025,6.369486279596074,15.413215070692473,8.037294183907907,14.395426960364702,9.864026033764771,15.416276767684451,1.5389784700838105,15.255217556725782,1.6265830094166105,15.687572773930714,1.2584540304504557,15.402695496367802,1.3652699678151883,15.527548815615159,1.7795298868192966,15.634780804048427,1.478584427600239,15.673174061928194,0.9144226337401458,15.433618570196785,1.2012682444872371,16.31904870755981,1.2833423486830242,15.655267816510563,1.2676474857765996
8640.0,16110.793972028468,10.0,18.536515360421248,-3.02820097476807,17.842349723714104,-1.4249530926200022,16.49570656916579,0.03337433219707757,16.256792359474847,1.3890127940785204,15.504979704908612,3.0142069116956955,15.576440343488983,4.759354304851103,14.620477053944503,6.395180209032933,15.420253763201657,8.027180553427767,14.426889466318197,9.808337215500691,15.452378016752391,1.5461834978609885,15.284430838670554,1.667821057620437,15.75015171751927,1.2661721610145984,15.426855514908862,1.374605474199846,15.551703042974225,1.7858367216054565,15.698181075808867,1.4851123615405049,15.72590086811454,0.9171913116673425,15.455193782971648,1.2090012149653016,16.380263832601447,1.2875334488734018,15.722598618622396,1.2842516096405054
8660.0,14388.021127173046,9.5,18.60568846253232,-2.97628251423819,17.860908333896468,-1.3665555382974215,16.56973041186844,0.00805626938188313,16.270059264090165,1.4660278885112807,15.518582174746332,3.0166993162953553,15.604127885198983,4.783233487880632,14.653260170910126,6.431275469889391,15.431235745767713,8.024053331226414,14.451402233390471,9.82146620748213,15.51706042060356,1.5635845335970502,15.309690797503498,1.6811785727143083,15.820077614875922,1.284221673094748,15.489593880080639,1.4151973107827835,15.61560327594214,1.807562722563342,15.758491279664915,1.4992786716170632,15.778085994391272,0.9233535095404622,15.528923488146877,1.2428167548895976,16.44622629187765,1.3016060917610872,15.769928561070163,1.2897754489495266
8680.0,10378.115381029429,10.0,18.639813374485378,-2.9417167886438804,17.946161410365995,-1.333650003226567,16.612388462084024,0.03665027233272113,16.340218710076073,1.4747284786110715,15.605451729723924,2.9901257623797846,15.719105880953103,4.770581744423175,14.766684284986454,6.4263815187966795,15.539191971361243,8.034484232260958,14.516887360486056,9.809044570706124,15.560813769219132,1.5770028138905716,15.380884842863017,1.7061644181315265,15.857139118044932,1.3007089759309316,15.520133253327298,1.4240315533896286,15.64541489365863,1.8229235750479862,15.816606864759013,1.5072411409023068,15.845624972572045,0.9452306938307521,15.555936769145621,1.251880839951516,16.504038179462487,1.3123939314893533,15.840224834986817,1.3072620119811051
8700.0,8850.306591254443,9.5,18.689756941380388,-2.9639496636695526,17.989191992901944,-1.3411100246740677,16.65421416399878,0.06450404596516016,16.416310014866745,1.481933202715621,15.598749373687145,3.0171076378815505,15.807031915187261,4.794771693517856,14.837188940482497,6.392773894122007,15.574813616413232,7.9942122115754,14.556294110489494,9.800039836929832,15.648750620453097,1.5919313723247455,15.455892259235691,1.7183563095770495,15.939255281486046,1.3131247397704742,15.613361406371624,1.4469958959177032,15.72580643674504,1.8252674242330198,15.902876023921058,1.5258592859991507,15.94766245605694,0.9647666098786385,15.653944286386496,1.269743401985991,16.589802642477167,1.3282224580085138,15.920585423815641,1.3194047274811154
8720.0,9405.232471772828,10.0,18.73411459184609,-2.9930383697795415,18.019121654810863,-1.325332682997702,16.671433390947065,0.07809820291235385,16.47379803707211,1.4849091880615148,15.712114986158403,3.0705478147212437,15.83162437541507,4.755710028981758,14.837930004912291,6.3729158227566245,15.626152487286552,7.962295169745241,14.599268027026033,9.804894034689092,15.681281521392526,1.5961753965603627,15.497672389321455,1.719357511078644,15.971833810114495,1.3149076846490604,15.653533251810995,1.4502560578754895,15.75517378915689,1.8285922105303538,15.94027856109182,1.5295697906424843,15.98689407272497,0.968567361209242,15.690353435293105,1.272884492729555,16.63860849647865,1.3257118797967258,15.957998250825622,1.320888845419708
8740.0,9801.514011322648,9.5,18.76377948376064,-2.9625584626368693,18.06279883729905,-1.3164489266676775,16.703811389999032,0.07591610065418883,16.49697536037177,1.5208605780803013,15.728357344896773,3.115416934118593,15.876387443765301,4.754595872180511,14.905574786025586,6.37140317488553,15.597366400045479,7.965469956573978,14.673973534590544,9.809887678587652,15.724838533385048,1.6046650999087806,15.56970050958795,1.7380472013982675,16.00464571054792,1.3315309102648079,15.709638287186658,1.4655688773242566,15.81567032338981,1.8469302650710084,15.966838280047984,1.5375013512089861,16.009227947425437,0.9773526975610973,15.74862023756955,1.2940315842298094,16.667522548017796,1.3378115437076081,15.98051186722913,1.3278761285933256
8760.0,9252.247248069198,10.0,18.816545048623926,-2.9502612708119846,18.10083867693255,-1.2856071096386166,16.747854736438757,0.09846533249789724,16.50887090221989,1.5388668023665084,15.832013413933527,3.079497349052385,15.937077386661764,4.805481979870113,14.960565579927641,6.361758027905123,15.769145260592566,7.992927224010136,14.77553294436064,9.731633208949077,15.748169092707418,1.6117274882059474,15.588420377931465,1.7403452264820771,16.037025222654126,1.3386675905743444,15.724100539442896,1.4687335484114117,15.829920762656599,1.856078750930191,15.999547953043612,1.53950744615496,16.042297754156387,0.9814214679381671,15.771759020144842,1.2966422063902567,16.707665313723105,1.3392662595607736,16.01822952705229,1.330137043441484
8780.0,13160.153737448574,9.5,18.842353220548667,-2.9286086587565583,18.13603056800654,-1.2748506613400998,16.794680437323684,0.10399725833203093,16.581061938220138,1.52299324759226,15.847387240280877,3.054875308110158,15.996358447005386,4.7751505388283375,15.06913566692723,6.377462923981767,15.813852899840223,7.98503133485359,14.793266430257608,9.772231810975759,15.774452878377966,1.6211802707804388,15.628889838901895,1.7407326757092185,16.067527141885268,1.3458088186732486,15.750098204497604,1.4747232048632168,15.859776686553255,1.863359751828901,16.0309923588488,1.545059044253834,16.06914350851826,0.9983225458281482,15.800246900807867,1.300549605625862,16.737640975329736,1.3432046624389924,16.05493943534295,1.3351110284359304
8800.0,14233.793693908534,10.0,18.9515932843995,-2.924523143756792,18.198862394559335,-1.2595733047349926,16.792008718945887,0.10498919123590497,16.652944331327426,1.512424093693642,15.848425985691284,3.046614268791056,16.07686260349828,4.767249798881041,15.042625522671335,6.384631036619018,15.823397088466177,7.996076748601529,14.799682191270994,9.776570814996841,15.819776463397346,1.636995294069741,15.679838038856584,1.743919520622656,16.10125008619347,1.3561648344894537,15.804998556849066,1.484601603319127,15.91756212782064,1.8705871181462292,16.075823759488376,1.5575991062197727,16.105332213138745,1.0060592396574433,15.846833359915404,1.3094420323594171,16.77538063564226,1.352600486947303,16.08492437808363,1.3381135896485898
8820.0,13606.69541558728,9.5,18.9823686930719,-2.9112159120402588,18.25659763123975,-1.2764676349401018,16.873014156623093,0.11428005315785247,16.68029040129082,1.503103292482734,15.927296582859464,3.132336965256506,16.09981763419408,4.772483245653502,15.124626978568665,6.376972499961943,15.897991132506093,7.97846731321894,14.83805008421746,9.77033730876041,15.866806157280285,1.6444599503452029,15.72402608044358,1.7643655821235442,16.155619760981615,1.3650260379548331,15.837014245800725,1.4907292745810499,15.937788724036611,1.8790213782276683,16.132762789802378,1.5653829033834312,16.160388552669723,1.021692320388323,15.871118659700281,1.317946750392535,16.825736816065508,1.3576575918094642,16.158638014340994,1.3368715387443442
8840.0,13059.54467207821,10.0,19.034383065317762,-2.813431521666657,18.29593031102798,-1.2549817263674883,16.949426896127665,0.08400375574076709,16.69154474483171,1.5018445065246613,15.938655418688086,3.1180104002916704,16.106132805421375,4.819436016991901,15.1564008582589,6.424225905268808,15.936465820865397,7.985147841921583,14.913388785509614,9.743153316775786,15.902218553517901,1.6561564087993346,15.7515958636555,1.7717333450205808,16.199495484802604,1.3744561159421624,15.885007161140447,1.4964662511657645,15.98217943034661,1.8843215762858598,16.18098154829042,1.5750655017588653,16.21159252670075,1.0283348444095048,15.909495908281468,1.3359111490180187,16.869032568346878,1.3671442490609518,16.21437105456254,1.3388487214410594
8860.0,15535.400439822712,9.5,19.07139571171491,-2.8373269818662847,18.369660276445842,-1.2344604305090274,16.99771559497496,0.06236573058831383,16.742390250650203,1.5107063451974994,16.020588664772056,3.046500665012066,16.182860162564594,4.832005450468928,15.225462194291094,6.398691765905573,15.995007645362872,8.019363475170255,14.976697128443012,9.800253311715355,15.944409697073064,1.6699821417125418,15.813336241050484,1.7706256636302538,16.260444613435794,1.3878001657946535,15.927528666011465,1.5003316549959218,16.03209032167515,1.9005460492093609,16.2499101360954,1.580344699816786,16.271689700829654,1.0296935881104443,15.959239575245505,1.3417953688370197,16.943727441549832,1.373278749427407,16.27371185955139,1.3436543474645923
8880.0,14791.55661671295,10.0,19.074948805658074,-2.8903350552810276,18.36317584836336,-1.221593737518528,17.04674854374152,0.10427376170920633,16.791400887411488,1.4762591663036453,16.015620695762163,3.0693664516019075,16.227208272261883,4.8492832283334995,15.251711265097375,6.416124610577991,16.0087406238499,8.054898388428889,14.973389001990217,9.827380086915678,15.996140377606263,1.6775074713358165,15.85061793364911,1.7738854953041838,16.312628918436815,1.3973095245225369,15.985060705410717,1.5119999039457404,16.087145361256102,1.9041949671637333,16.294937843167723,1.5872044738533635,16.32463897777304,1.0398490986482378,16.0094004053089,1.3572002557167007,16.989240150575675,1.378831359396669,16.320402417877197,1.3491021762615207
8900.0,14606.786237132605,9.5,19.153989436145636,-2.8794968980665745,18.45447214863792,-1.1791441402591472,17.063435946212444,0.14896616891620795,16.869920542951423,1.4870939659302111,16.103324565132194,3.065885458597254,16.235463633779055,4.798426713310731,15.292364493322447,6.446019528782896,16.048132303694512,8.026606487443548,15.040689401896135,9.87498142149684,16.033185024063556,1.6838910999970946,15.909116863161803,1.778386637541205,16.35409556612658,1.404090023822669,16.02801498592751,1.5169101383193802,16.131655037069503,1.909329632260916,16.337357239991544,1.5909026290999013,16.364672686516162,1.043322751439609,16.03903341973507,1.3645957898842827,17.022320160417124,1.383528287901151,16.351784848661815,1.3511338740741117
8920.0,13002.876612379816,10.0,19.28957005012227,-2.7999539269088505,18.529517312518987,-1.2067692269246282,17.093385585815405,0.13572304262831264,16.86181288714566,1.5162521916548348,16.125695768534666,3.115130768712468,16.271136995362077,4.801985655456086,15.280988624915333,6.416603583530562,16.064153538681687,8.02634023643766,15.078182740400488,9.825266513959283,16.081097780356785,1.6955737410390845,15.947157331926585,1.7880203198671663,16.41735561779291,1.418816363463866,16.077881532529506,1.5319388380869663,16.185162550081838,1.930223237341592,16.38328369785181,1.6033409101424645,16.403122346559737,1.05266095130852,16.087304216838866,1.3834660610126217,17.06577872630168,1.3947965053224802,16.39009653530318,1.3524278786564636
8940.0,12487.015562337869,9.5,19.296150478682435,-2.835488096377078,18.545306874713525,-1.16911707484832,17.14806703107589,0.12572139231627483,16.9073855076482,1.5381714240035342,16.16971047758773,3.128513740563483,16.32748710705371,4.909436235629065,15.315578910062953,6.444178676495534,16.168016371053586,8.070560074329933,15.167592153187499,9.812565065369569,16.10085475023032,1.6966364261763427,15.967265227072351,1.7959873788770442,16.435022158983088,1.4218164272569263,16.099480274522058,1.5394727552323926,16.204985543531002,1.9337436200600226,16.411104511835823,1.6100125114926218,16.434010004398665,1.0610586503463002,16.111093905005696,1.3902908636501885,17.111234800658984,1.403600130352584,16.417322689177837,1.3611229465780648
8960.0,10742.715307483188,10.0,19.29155579898636,-2.7754711826356293,18.60472964016295,-1.139523177378834,17.245505252344337,0.1423938949837909,16.944342582791002,1.521254295349299,16.19673377597999,3.1359312282863945,16.334965253138087,4.85658962865237,15.374550071265778,6.471770083771338,16.164214023384353,8.049719922544007,15.185165558457967,9.844251759000308,16.178945366307616,1.7252919149466996,16.018346425380955,1.7973882772690914,16.50301942569117,1.4460677074375041,16.146593786523983,1.5635414610307685,16.265951853129003,1.9671648336485248,16.45529511808692,1.637875571538077,16.51363651729154,1.0826599878331504,16.15696794243912,1.4135895105380476,17.153980926843882,1.428048080542523,16.473846688947006,1.390575569900647
8980.0,8547.788218667378,9.5,19.386525414973022,-2.7953927003948325,18.634236507948014,-1.15915527552153,17.24644974514835,0.14761111569769686,17.007371758890145,1.5226867202607615,16.177727858128684,3.1299511299464524,16.380632620915364,4.855902700541916,15.411244242212138,6.4832403506526814,16.221155634083004,8.120131305663177,15.213699913477132,9.874583079133366,16.221433050613697,1.7312687954201276,16.043259821177678,1.804469302365895,16.53174479690389,1.4485749511980648,16.18511028072978,1.5763642853463602,16.305100884785805,1.9705321822007669,16.491378349347865,1.6459331980412286,16.551053827778464,1.0898399870771638,16.189927440348505,1.4185326445000528,17.189878414264857,1.4343324244503721,16.504667734840663,1.3956737880076389
9000.0,9293.408873774852,10.0,19.44317376430743,-2.7833972458525778,18.723144965321787,-1.209665889596353,17.340503294284186,0.18705169437511165,17.087674705085625,1.5158019024401375,16.28746700576234,3.1164993660976203,16.403747945310524,4.915741016297052,15.454532042574064,6.5194836348567,16.27140064473398,8.112643226500955,15.258634570994463,9.885618053643414,16.25792552151032,1.7396030016908874,16.10262692922276,1.8412766743705262,16.583087356198256,1.4565889130689127,16.227340374006708,1.589781025545301,16.32855325162877,1.9762946955181273,16.53830930330081,1.6590661080619493,16.615062091711756,1.1099148385191713,16.231644716987436,1.4312236940131182,17.218098262391553,1.4443675590668208,16.55694687028241,1.4020987254344162
9020.0,10031.225292898547,9.5,19.48283822570162,-2.7167668887680394,18.731024983643657,-1.1788940724988273,17.404004144556694,0.14422817436719493,17.14068318540152,1.5565960024242396,16.319479197961876,3.107270529412441,16.442848730580646,4.911453771591552,15.477174228116699,6.525287033001682,16.290698506277884,8.123759960165339,15.304971472147908,9.871881418324579,16.311576511269404,1.7424196686243363,16.153833296017645,1.8479089887275504,16.627453187432867,1.4643165825608182,16.280406984429607,1.6014843277158861,16.385031695941912,1.9824833885306314,16.580976727685933,1.6611780400428908,16.660242642888242,1.1188995601485898,16.282071527565275,1.4395726489199514,17.270271625840707,1.449647626043904,16.59889193602882,1.4042607458366088
9040.0,10071.855674308885,10.0,19.490391776760262,-2.7236387347336253,18.780502171989504,-1.1786061274134192,17.434719068027878,0.11206011842429273,17.181496897359356,1.5556192117171115,16.403189076101356,3.1544333280471912,16.48564179075101,4.887428640876425,15.539118283677045,6.535308363115237,16.33406959869938,8.114249103294444,15.308008968134029,9.911265397390228,16.341092542482187,1.7485815931341833,16.180303706529443,1.850970020184309,16.668791735826854,1.469793484277125,16.312253211023688,1.6067580988331458,16.425482419688397,1.9901750393436166,16.628924127750643,1.6704671460069662,16.696095088154102,1.1221102172831454,16.30566993293443,1.4435937666524086,17.318736416107605,1.4555168409339783,16.631920458921293,1.411746560020021
9060.0,11414.899633446592,9.5,19.479377228215274,-2.763570973676424,18.77104334269159,-1.1616735411821213,17.468239058190104,0.17648236782377658,17.247001968048096,1.5454002325762182,16.41479866650121,3.173916228946354,16.564497378959743,4.894020375756321,15.595726158943425,6.519845923113346,16.350202269004956,8.121522437830098,15.353012099180779,9.908912241002856,16.413731666776517,1.7563000591412983,16.248833839567418,1.8584732269960214,16.716850305422426,1.4732722671951601,16.38293004488359,1.6140024833808257,16.49470115019892,1.982366272479045,16.673152906782196,1.6791635969848457,16.757606634450415,1.133364495478973,16.377378765951836,1.4519812955086748,17.361845174257486,1.4646399723175922,16.686788430803432,1.419587016553917
9080.0,14265.265572381215,10.0,19.499465362110804,-2.7828904539853,18.81834232005638,-1.1641287549782455,17.488019142444884,0.227226886557508,17.304109977665625,1.5770516788106403,16.475954080972535,3.1482722087283004,16.585536653297588,4.882660952187859,15.668427852857059,6.567591557180224,16.40808297879243,8.158833994836282,15.405431328109282,9.984201267465476,16.45181297665588,1.7684663295049166,16.307054067664037,1.8645150402423858,16.762850895188222,1.48460980578969,16.415428461660515,1.6272481982178344,16.525199380340712,1.9957526828321441,16.7271358678149,1.6896299031049609,16.815739770720917,1.1453659893759762,16.40294294758254,1.463909949166149,17.41546362446857,1.4791011147469266,16.735397156254052,1.4208536133406617
9100.0,13153.88208121151,9.5,19.608401654100383,-2.7895153646264874,18.907095967876806,-1.1953166513203268,17.57297479276964,0.20585598501542615,17.31419889323015,1.5773127869588703,16.519703795452465,3.1524915098560817,16.615135643818924,4.914843754257462,15.700410356542786,6.542371515481385,16.41353620414459,8.16262147988988,15.4821210747474,9.971505861822468,16.500239992689167,1.775714760821145,16.327034396544146,1.8715400059244076,16.82027697554947,1.5087494222323545,16.46909596401834,1.648821967491982,16.589555540070624,2.0137131292904007,16.77413074439205,1.6954968284708518,16.863680530366246,1.1680923038518318,16.45194439049654,1.4894388741583242,17.47105377833811,1.4888406154994585,16.767350467167738,1.4236426414814047
9120.0,14349.27675935172,10.0,19.63123989772274,-2.7743238014669096,18.915603952280897,-1.1949454895429752,17.629495250259684,0.17246574304958656,17.358758596073148,1.5852236123958674,16.567002980919206,3.163165143501476,16.662103778337883,4.943018227710479,15.764392573860562,6.542534875716363,16.52453236969177,8.13654168986721,15.544178276475105,9.925803990886102,16.540326077591594,1.7767361976532487,16.355317584951994,1.8756583890206069,16.872510059547494,1.51121922189474,16.508897540203623,1.6459713252488897,16.625256919040105,2.011833244468699,16.832238454322614,1.6982140424414713,16.916498545047382,1.1704902297225754,16.49192518665078,1.4929353472886195,17.530811261211767,1.4929514339282839,16.812900074059545,1.4268204545714105
9140.0,13630.005690162448,9.6,19.605107641362167,-2.8216915690741926,18.99276752231941,-1.1689509634327222,17.66013250996125,0.12184453624100491,17.375664128868863,1.5425726275397555,16.59768941014749,3.181343689026002,16.732411401956348,4.920061383291669,15.778002943739434,6.511682015020705,16.56476632165421,8.114476923680837,15.58598425000233,9.914864955611,16.584140260857676,1.7767613642711282,16.400952578231802,1.854521573402348,16.906924266046964,1.5076560482541255,16.535274296622894,1.626332139480001,16.655359359914694,2.0117357183102462,16.866548238061263,1.6788494449387545,16.950791550333864,1.1704296532123624,16.529010840934582,1.473328254729066,17.55861924755592,1.4949987169216874,16.845360625887057,1.4036854726247725
9160.0,12452.375968738696,10.0,19.730341242299232,-2.799920486066493,19.033286418244607,-1.185415668316192,17.66701083817355,0.15512455652884508,17.41198434445418,1.5099350816278174,16.621408464093786,3.182054835283283,16.779982377216335,4.922137179201551,15.811112442047511,6.574057997932054,16.603090363225384,8.164675232696979,15.654211073899248,9.92571489544805,16.628656151295147,1.7768179000263324,16.45009611594492,1.8550263000089775,16.947944276546746,1.509857418564638,16.59171987855732,1.627184363752304,16.699964915932146,2.0141907983755925,16.90327414949989,1.6795110997066882,16.99453692546966,1.1712859343381918,16.584524923444718,1.475236859243124,17.59445167975667,1.4976657892787697,16.884844884329308,1.402825950000925
9180.0,9588.811109305228,9.6,19.72990697955813,-2.836700098584066,19.08992926822897,-1.2093743074401133,17.70248495513017,0.15587125428660384,17.429939318870392,1.5469222862611762,16.691242681098434,3.1886547541125836,16.819912474372575,4.957750169499115,15.85477824537671,6.609495912933563,16.658783545744626,8.158476290686755,15.709144958190729,9.936278347662789,16.671280622195532,1.7795733087401324,16.51769278973253,1.8771257437854267,16.99729174758741,1.5139812894071238,16.649902981400682,1.6328520167205898,16.75154716727304,2.020781269624414,16.97543784823829,1.6758266613317083,17.043276562398535,1.1737080680056313,16.628819982510446,1.479577520399975,17.647269460012943,1.5060437519987755,16.940817407643316,1.3966718927448505
9200.0,8433.472529358642,10.0,19.766003514448634,-2.8352678565047156,19.13158087207379,-1.2520205933137658,17.76289727661113,0.16019492382996683,17.425673136805504,1.583338240671899,16.74822188214792,3.170104415325093,16.806289994949964,4.999578543423011,15.89296068773018,6.579457442347352,16.695696037752214,8.125248322655963,15.756505125779873,9.896469714073037,16.716047541830637,1.7861767112443918,16.562177189560025,1.8808856640465526,17.053079207322092,1.5184731637947138,16.69566105221574,1.6442488746955395,16.796547331590382,2.03829603000253,17.03586676457064,1.6840518195382406,17.091667909354474,1.1818798046787267,16.68027750779197,1.4917330253018815,17.69838394541792,1.5108325006371406,16.993216603377537,1.4044053644043673
9220.0,6386.732294069791,9.6,19.75900502216923,-2.882393675723357,19.12831365158554,-1.2590585785971256,17.78419763001238,0.1932059535410436,17.482858668771428,1.5663612939349316,16.78003148647479,3.21506495944113,16.884958396344974,5.003011967167636,15.931623630845943,6.581505219263427,16.73580075763854,8.153000368658507,15.778756680145824,9.92747628687161,16.73692218457077,1.7871399739805542,16.583827192344756,1.8953142517478092,17.075412268995102,1.5212910911902489,16.710127139009025,1.6468382186779358,16.813413336447486,2.040520664929327,17.065522107224016,1.6887785790184329,17.114585063156003,1.1816565648196504,16.70057275594161,1.4967514306251801,17.723765301748568,1.512425456179057,17.022684933087397,1.4097343799337554
9240.0,6596.567848474947,10.0,19.79610784138658,-2.884917296260125,19.118219255922288,-1.2486460305369493,17.795520072459166,0.1691978299167862,17.51444788688162,1.547001941258946,16.77180185465448,3.2456301875001934,16.93949526151345,5.009654734165556,15.988934987267493,6.589003440166901,16.76308787514894,8.142209923129517,15.796931955185594,9.94844704377824,16.785481530342768,1.7952979949366654,16.620754190927173,1.8960648114716971,17.125102750131926,1.524870157987496,16.770917211085862,1.6553671712572942,16.869955476295125,2.043133881995538,17.121876460239932,1.698893534938757,17.163139158368825,1.184182446832753,16.750657510659618,1.505101302656469,17.78127462268522,1.5154869989694617,17.07461996095275,1.4138264846316848
9260.0,6447.76158906402,9.6,19.868488355916394,-2.8466528163094176,19.158292598991757,-1.2403649738817815,17.805415249910403,0.19979687099574026,17.562819524962904,1.5598027420535034,16.82586025808569,3.2469129268886787,16.96364099536037,4.9992135921927305,16.062592441072013,6.6500461227694085,16.833670161523884,8.162944449704195,15.839897717392692,9.953592269850194,16.802601052821636,1.7970825306159128,16.6611056056999,1.9196193248207485,17.14129477394896,1.5280670211363705,16.796305148812642,1.6557171569259161,16.89279218994738,2.0484215452389782,17.137830293113062,1.7045674111301754,17.201912386030312,1.1840991250448694,16.765848061443872,1.5098958178657795,17.80158822852369,1.5232804711836938,17.09940417230375,1.4221671107465526
9280.0,7497.298872863192,10.0,19.966726581319385,-2.9064750771026473,19.209302845831875,-1.2889560417522987,17.879585825752173,0.2056618438162719,17.578708628071055,1.6017608573485052,16.83128771094826,3.2616319251375563,17.01305024116608,5.042798121015661,16.05063611131383,6.599009808631851,16.846029661917214,8.164972350974546,15.876985162642763,9.964343814133748,16.835882086146768,1.8207633563054,16.695062053982564,1.9283533427436836,17.1742055428334,1.5566055437055928,16.83330518078393,1.6692807677435924,16.92721982921261,2.0650500682409088,17.180324307675143,1.7174019380312622,17.235644127264127,1.2011443499467251,16.813164761150098,1.529508011468914,17.831614230045314,1.536124078047343,17.143494080402526,1.429506354763354
9300.0,8759.004206886117,9.6,19.925083563316473,-2.8540474197937264,19.20021377771166,-1.2508391860924157,17.915072993402454,0.1922437163003882,17.664914541081078,1.5889572218449377,16.929360323054574,3.239961492593738,17.055694003436393,5.057173734916605,16.099504940686323,6.549878404392385,16.937399428446692,8.141214401442303,16.008606285804497,9.88984921437721,16.861359683096545,1.826179958437771,16.729384903738385,1.9280782636655993,17.19596004824204,1.56022159884727,16.852774573338273,1.6737844287032615,16.957062070780953,2.069646849215199,17.212366253352904,1.7234063536472335,17.251720127248976,1.2002681116831122,16.83403338645646,1.5337653012898689,17.862146219297166,1.5408256150956636,17.17455988500985,1.4250120259783592
9320.0,9223.71645790058,10.0,19.97105634837352,-2.804365409606595,19.25854301080377,-1.2085680737221154,17.94910822089197,0.15850343405480144,17.706872908293565,1.5505073087218837,16.97870144404751,3.2103817512890833,17.0954997185274,5.00965591104776,16.11520996422685,6.573665288153391,16.970114156203678,8.142989242362468,15.997343349429594,9.911197221457932,16.90985060581145,1.83007536135814,16.77855879132057,1.926746135453429,17.247775677733316,1.5606620291225075,16.892921537429082,1.674414817951068,16.999618425863652,2.073060880005315,17.257851590974994,1.7102274507387865,17.299918690601082,1.2014532958132633,16.86697878617931,1.5335635249853503,17.897883163153992,1.5419541474207636,17.213938440205872,1.4210789527041148
9340.0,9096.79679615285,9.5,20.05623527205624,-2.7964755739722675,19.28187730994334,-1.1804481105634652,17.97191703222713,0.1865901397079477,17.772491803554008,1.5474358912614545,16.977456874402563,3.1933699003501754,17.13890570573763,4.967120563543626,16.20302519261953,6.617494461259724,17.02863042431529,8.16195197087151,16.00143049824687,9.984274159556572,16.953753491883553,1.8318752804444287,16.828002688014486,1.9279265130123497,17.26728118989533,1.56106498990261,16.934473939947416,1.6758622582429141,17.034460397241418,2.073285064906313,17.267183728568856,1.7097052206832761,17.312712793438358,1.2019099745029567,16.908771709103867,1.5352803573076474,17.914426955616587,1.5441435141205224,17.23147500582191,1.4226144331355228
9360.0,8234.311391606729,10.0,20.07235628271918,-2.7432364970974596,19.344008455579136,-1.2076974960585898,18.022948591187266,0.19731909731192826,17.80741569360153,1.5398322125473096,17.092916431119498,3.2061949611035203,17.17343111912699,4.983738723682771,16.262253526558652,6.559706910173363,17.05384389867903,8.144773759323787,16.074707862591758,9.932326765613137,16.998025354612466,1.8396274101598273,16.862610962542668,1.93297498582339,17.327968638386437,1.5695984386229496,16.984524983595794,1.6812685124378004,17.077977597258748,2.0807673684899313,17.312432299719674,1.7163873915440562,17.369331571042032,1.2099045146060825,16.95334073804245,1.5411322256677553,17.968382293066462,1.549559987092132,17.27854378086595,1.4330898247289245
9380.0,6248.258537827788,9.5,20.123630270879794,-2.7440415119708716,19.369826929477874,-1.2591507831707802,18.077212926822796,0.18476110468255516,17.855699873197622,1.5691460725052377,17.104560578211842,3.174363180200632,17.2167058607834,4.991893313720498,16.234337020197813,6.515353364094371,17.05037696961841,8.10908209857543,16.106469969199956,9.876240084926398,17.035944422980855,1.8441054414779177,16.89600540045033,1.9359678089390813,17.36377341770401,1.5707933818616628,17.018533976893803,1.6831424633887466,17.115622996471465,2.083506618176266,17.360412689057746,1.7197742372526215,17.398813778254954,1.2136011507844113,16.997371307208418,1.5445361365677346,18.00432438399303,1.5519677814427497,17.326254076489597,1.4379951153507984
9400.0,6056.914380395754,10.0,20.166820963365417,-2.7762403759193286,19.404955160526477,-1.2452211236794661,18.125565491600373,0.1845951910032519,17.92725356747891,1.5596497062582593,17.170464210950577,3.1445427466800724,17.219165188646397,4.996055936372349,16.279810834384584,6.512915061293384,17.06399139229854,8.151571639803858,16.093814251094276,9.932965120577643,17.064750833007764,1.846015217714267,16.952626868414242,1.9546911301506285,17.387265033287882,1.5715107620976538,17.053400740418606,1.6854357829064788,17.15488528849894,2.0833569460746277,17.411589379040105,1.7212576199522236,17.45295696140468,1.2249592626767463,17.022515262799025,1.5441592565144806,18.060331564056607,1.5544236375224427,17.401570651349864,1.4474783178629909
9420.0,5957.975561632577,9.5,20.167511559338948,-2.8117160137082364,19.45856853998465,-1.219907681147866,18.15357078593554,0.20636748178589337,17.93740373578652,1.5129352438467722,17.12775143784346,3.201183167689661,17.26867873479507,4.982247940033249,16.335021752847375,6.545027162780879,17.118483379885834,8.160841448242925,16.11842046741888,9.927106883056936,17.127123180798453,1.847189370302183,17.013396422888658,1.9649152084598072,17.447507598974518,1.572925668702431,17.096222708696317,1.6868355744687435,17.193542776804374,2.084273867414253,17.452937573566402,1.7233341203619905,17.519479251574676,1.224831169045821,17.06940016605121,1.5460187928950122,18.10481105504151,1.557922338110182,17.44602256412633,1.4486305298481614
9440.0,6417.051566943391,10.0,20.225122617841603,-2.7482356573032343,19.47882094060553,-1.1610267204211548,18.174897862752307,0.16721667047681238,17.92879529012181,1.5095025307332235,17.23832167288301,3.1696396015774986,17.31470315989584,4.957954312765503,16.436621722021343,6.593104590173555,17.190616513620604,8.13179552432767,16.21350446431285,9.951429304311269,17.14336638159987,1.845455937806181,17.043643711869986,1.9545830335419185,17.485017406782003,1.5725171073690982,17.118258196223998,1.6866869727391145,17.212983878152613,2.0855098812874466,17.49599434689394,1.7252122399812955,17.550055593390518,1.2249346671657444,17.08419138662698,1.5494438234026233,18.157573935644013,1.5600157664190417,17.480682616571602,1.4490518235107641
9460.0,7333.529789537223,9.6,20.29913568327287,-2.7532356075175275,19.55302152200071,-1.1708580397542605,18.243140781098788,0.1999159870709709,17.991167334149328,1.5027165376645166,17.241113061475602,3.179930079598109,17.352359780368754,4.920082458153638,16.433896223147052,6.547665473271612,17.18197858374412,8.138976651354945,16.276816587958358,9.974119333265461,17.167552142658106,1.86293648400772,17.07114450923148,1.9573405037213774,17.51168961997192,1.5899659320223831,17.158450464186465,1.691734134860992,17.240832388049178,2.0903572117403058,17.538417584321078,1.7302673770733747,17.571815661721395,1.2416597796134254,17.135934125427827,1.5617522629621015,18.182777715168367,1.5633720715008859,17.51541515177189,1.453940005032701
9480.0,7169.845911015941,9.9,20.317567336088793,-2.743475579348779,19.608425371648103,-1.1805928474028613,18.315174868168658,0.23365878651077865,18.037979858274614,1.478947430149152,17.33012690320829,3.176097637925585,17.44390823392952,4.956903045415939,16.468905245187493,6.487611210257623,17.271940339036245,8.191306691033857,16.327070071084915,9.991036345329558,17.20942089113715,1.8615586720236366,17.113951256828017,1.9626648842766226,17.561028099964922,1.590659571359036,17.198711662765994,1.6897894070378565,17.283458933331296,2.0900661657880253,17.59577243393411,1.7325235782902006,17.613854666192324,1.2480590518274943,17.188401393901007,1.564176991047626,18.227279834379846,1.5671328198103969,17.56505545810711,1.461333379942284
9500.0,6312.310555659211,9.6,20.357351057041065,-2.8167537592961436,19.666142846123655,-1.179818283741712,18.3540694655122,0.19203193247196015,18.106031434511316,1.4740564558763805,17.39106220947091,3.0737901678138098,17.524106982845034,4.952447796773656,16.5772920430302,6.496187974552207,17.303783720275938,8.176323472575756,16.32945758509581,9.966971869922537,17.254982997837928,1.8628521414201367,17.1593625809426,1.9656637804512624,17.600786746764577,1.5920101686173562,17.218543843831476,1.6887068923689779,17.31286872512381,2.0919191240892787,17.63476060702564,1.7310130580897414,17.64588615924965,1.2460792977448976,17.216869439637,1.5656111762379488,18.249004647965418,1.565341262767257,17.603473518868263,1.454011020969677
9520.0,7568.750685463316,10.0,20.449122545419588,-2.7635464503571017,19.701706964268773,-1.1839611660598894,18.395190827402075,0.1794944157356798,18.149152936383675,1.437889733492972,17.395071588728605,3.103343223963904,17.536093736250436,4.8845254576121535,16.59551236531284,6.529522096483281,17.381573348985164,8.158874335416899,16.388594387711755,9.993167036135599,17.318344483958036,1.8634562558581884,17.203299508645046,1.9616740436536664,17.66400596816629,1.5907181840169202,17.276542300382882,1.6856211434669934,17.366297657094687,2.092632088397005,17.69869346472382,1.7294658442712216,17.720421846845646,1.2417967530794516,17.274409405292808,1.5650867203765222,18.31406041827384,1.5626270251421195,17.66463397732951,1.4503896041599247
9540.0,6366.222580548923,9.6,20.43466270876079,-2.80146124973729,19.783752944702286,-1.2034575716510407,18.45564061262761,0.2071070491021827,18.191229116868165,1.4615489970385578,17.48053354824554,3.1179775841070843,17.586251682229253,4.876250380884018,16.671222570620078,6.497439424312164,17.442354688454184,8.138992872757147,16.436676409333625,9.962802996613801,17.355986465849522,1.865826268830245,17.255163592053275,1.9707538993102354,17.70373788040195,1.5932659063238162,17.311940636045563,1.6833168922313344,17.402256848476064,2.092373743337225,17.739924659527848,1.7315039712258156,17.77126689727383,1.2556518131317405,17.306222776329182,1.5652342481445127,18.366779802065743,1.5642118663139195,17.713757425505236,1.4694741196594896
9560.0,6008.151659411843,10.0,20.505956083132336,-2.803494815174285,19.757009268787876,-1.2346513220941513,18.45427819795243,0.222870725255394,18.215393795489156,1.5095675426359225,17.464621695032392,3.1029637042197615,17.60691578288018,4.911419783452391,16.694538431837266,6.459190914951657,17.46609374260759,8.121690730571858,16.55493463881505,9.936993797124272,17.389464050499125,1.8676310495448785,17.284223352285075,1.9746281014192182,17.734635912067752,1.5954740720095413,17.358004353523633,1.682371258374456,17.452834652522377,2.090022194573202,17.766277493463367,1.7350312890587727,17.796946096117473,1.2584588845038316,17.34423230193456,1.5659472072419116,18.39588988597888,1.5656709620612834,17.734389411718244,1.4735088968897518
9580.0,6041.503159804628,9.6,20.534924940083947,-2.8222723494415867,19.781074002839194,-1.243160961589773,18.4765406173777,0.15936507992357843,18.230823719959496,1.5358842134094464,17.550856504886067,3.0762063544838876,17.698020586950996,4.875727464199936,16.77963737044418,6.43531559240917,17.566170633163686,8.135503824224966,16.612010607755913,9.900137027516385,17.42865639029676,1.8645959010494955,17.35857740307646,1.9705778386866162,17.760584145992176,1.592612302689124,17.408457844839994,1.676939928771457,17.482516950287305,2.086615526106503,17.829781407540242,1.7311069572320157,17.845101729204732,1.2524270540588538,17.397347182571718,1.560131116184175,18.43794032076737,1.55928732785564,17.797533496567024,1.468088253194177
9600.0,5968.19420042604,10.0,20.517287781477712,-2.774327180583743,19.814467277039054,-1.177603932074441,18.51476365834456,0.1627963304267257,18.22183507123687,1.5075261806417182,17.54832025617155,3.130941880307389,17.713641691413052,4.896154535199756,16.78498154155519,6.5095724304782365,17.608743341978663,8.130770004045228,16.65030827027342,9.915090048285794,17.458796612598892,1.8639201204481464,17.388753627485137,1.9709694966379883,17.792152034433876,1.593044599236091,17.43493756662338,1.6751328571564883,17.50305028999474,2.088761334198538,17.851954057779107,1.7309172231066676,17.87763506519474,1.2510768646805874,17.420276110875754,1.5595122098324663,18.454773899271462,1.5598323943067292,17.81824871075495,1.467248284271665
9620.0,3650.191231716041,9.6,20.538595168260926,-2.7767339097696824,19.822642874555648,-1.1327990224199738,18.53410961801911,0.21073057618770105,18.283859506860882,1.4868481891845526,17.62562856671143,3.114788213271088,17.785998213125573,4.873424157238992,16.89297300436475,6.539024969070708,17.685874895624405,8.078357065181782,16.640311472168985,9.893838885382358,17.48604812433417,1.8652340830153793,17.41324561904033,1.9729930484908942,17.817181625176936,1.595631804074507,17.458041219056575,1.6773274215740508,17.540063953702173,2.0926698792431866,17.873389136670504,1.73496645347808,17.904358537667484,1.2499668139299165,17.4445578455604,1.562986229849057,18.4933631140132,1.5636225894852405,17.848641850975714,1.4692828612985975
9640.0,4642.917956550505,10.0,20.606023127703462,-2.7758352338123986,19.84848115987885,-1.1726686243155982,18.59781544395538,0.22204717314952757,18.33952812154144,1.5251731389821341,17.645881733906283,3.112237116582436,17.803590069532486,4.871045955660326,16.90671692514075,6.521845856038942,17.70676338339041,8.077551610382462,16.749931087052826,9.895120708528314,17.528440641288103,1.8722405705661953,17.43094120264567,1.976708194093261,17.853768271909157,1.5959072645354193,17.49729522860229,1.6812990034449027,17.58085148954559,2.097519157387264,17.91196754415135,1.7317625597948854,17.939574134237326,1.2546920080124322,17.481196008089945,1.5591934307339297,18.53079993403434,1.567767299386015,17.887472925602868,1.472640053416637
9660.0,3385.90507214407,9.7,20.643430541881877,-2.777805471696047,19.915083471138512,-1.158043766064392,18.62814808173298,0.22168568015110993,18.40646530854881,1.541958741082896,17.757821867121812,3.1294024286260353,17.83362299118071,4.948349118088656,16.927077122554117,6.489237432239406,17.777828170013997,8.137838194001116,16.838462981081562,9.881394863916391,17.575496505394554,1.8837570837988529,17.46173879677734,1.9802985946755551,17.922328519853796,1.6081078316506492,17.542677960049843,1.6875916283947465,17.651464153429234,2.1085699149692596,17.98179677095665,1.734558256538333,17.993129211891105,1.2526480578173969,17.524303080160713,1.56485105393852,18.620049998926476,1.5786356969503887,17.943381219314023,1.4711264274082356
9680.0,3637.6676140291347,9.9,20.728113711556055,-2.7544781111857173,19.998177711368005,-1.1424937822187637,18.65561337223278,0.19497700040757132,18.411713270412935,1.517933532041447,17.783735255312177,3.169237879609006,17.907461324620982,4.957025797951591,16.986912902606637,6.56415739337991,17.82382638201466,8.139814078094634,16.83594016940411,9.867309447901535,17.631008346344935,1.8953850658486755,17.487497222185716,1.9810329385023073,17.97693990205291,1.621050134025388,17.573139877679726,1.6871287196016493,17.697043727110195,2.1251628208415325,18.007225987456206,1.731751178985327,18.028760841940677,1.2531739296789863,17.548716813069497,1.5588580700986623,18.64400054747042,1.5813818885411177,17.967713392626372,1.4730545917010411
9700.0,3690.0818010164403,9.6,20.811570294239203,-2.6779858626267825,20.04357486044667,-1.110526386504961,18.72814960253139,0.19098928789791697,18.435566112256065,1.473969120214584,17.792981983208175,3.214647269306383,17.9508285429281,4.933669830608029,17.0582818986836,6.575690019061445,17.88815637387152,8.173514062937308,16.82537907506921,9.991342376759672,17.682238595523323,1.8965518152415175,17.520513698959927,1.9816402929829438,18.03045238898869,1.6247060885731623,17.630053569757848,1.6840988992628287,17.75017877287601,2.125195593514988,18.050335298936513,1.735243056309925,18.081634538180616,1.2540478804469046,17.603120040653344,1.56388449895417,18.68814680471303,1.5828513200257937,18.021156923665245,1.4735059210384829
9720.0,4211.18241002222,9.9,20.820392593531768,-2.6867283416815058,20.084224423168187,-1.1235164384784997,18.77535030903416,0.20964431046383822,18.512254044040457,1.4777570391339312,17.880014927617083,3.158891157434286,18.010000361272297,4.90107800454295,17.134050596291857,6.59284388736279,17.930206855653733,8.180324252156018,16.879518446502424,9.938065227789867,17.758812451642125,1.901632352248661,17.59064062851045,1.9837516011856848,18.106621867148625,1.6328585094456098,17.688145475049726,1.6835861900239018,17.812258875040673,2.1333546459928465,18.111406375733353,1.7386114028327964,18.143803557307887,1.2543911689260718,17.662439482125944,1.5610074964811573,18.723244637406225,1.5843927628453787,18.077720340372625,1.4761356378625798
9740.0,2721.2266359803934,9.7,20.8401654927578,-2.6678090834952215,20.12240887870476,-1.1606775637998374,18.804335193422215,0.1646067443289076,18.584151893739055,1.439155679061407,17.916031315737467,3.163746891173672,18.04665671763303,4.958349218776658,17.180840823154124,6.539132204299437,17.943563823374493,8.15780501908957,16.992049336006033,9.869848106495894,17.786368383085993,1.9033988852201564,17.635280823131282,1.986477123003808,18.141939575796634,1.6355744593110686,17.72415511249319,1.6778503073555666,17.8516286775679,2.1313710577670624,18.14385086055283,1.7389960719247939,18.17719189636863,1.2551852527156904,17.701304531212124,1.563731179227778,18.76097950768016,1.5859400620798854,18.116239623188253,1.4760742676187195
9760.0,2726.60215856044,9.9,20.864463376239947,-2.745357407777972,20.15514230240513,-1.2008696647143282,18.87329913424209,0.11923931635976337,18.626296493739524,1.4401558237390222,18.03930879307607,3.1472998809804196,18.11603530070683,4.974808597897999,17.28062034674018,6.5214231068861555,18.02013364357847,8.155386605879553,16.985396443096683,9.923568633348733,17.807151173185503,1.903474402567958,17.679801056093815,1.9855474258238814,18.16691114496079,1.6361668086859247,17.757653455618584,1.6707102570717105,17.88866597470672,2.132051514738275,18.209186193779495,1.7291994773514383,18.21274806987037,1.252951093735567,17.73228599337111,1.5541535881440465,18.813422018103978,1.5835148112873165,18.16600996764523,1.472150115590118
9780.0,1682.2021682799011,9.7,20.91880731370518,-2.7492333877842876,20.23291694725749,-1.1875104212100696,18.92252982330181,0.08734802987472802,18.638569766044146,1.4055668378405923,18.088685931880036,3.1473068078409834,18.208595738696324,4.953583469526871,17.27130504962279,6.547982791539267,18.049314972532393,8.173321226917672,17.036317400066523,9.933093417333822,17.85253625039389,1.902446952455369,17.72348527940868,1.9906129970495439,18.216933372049755,1.6362558103348666,17.799564556488388,1.6676574382228282,17.92763590629101,2.1347097842449183,18.255964827953648,1.7266679087781704,18.26462574250397,1.2514806565966765,17.772035595613744,1.5518722593163656,18.8575925858059,1.5812534461122716,18.205447541769153,1.4702967338301645
9800.0,746.9621958636359,9.9,20.960177545697338,-2.746978246885468,20.254383259418393,-1.195744082659554,18.954988261132286,0.11087504331438951,18.71645404050343,1.4119598172658026,18.161743518343208,3.191049160369369,18.23496385355105,4.892122182171837,17.347037968821915,6.561052463775883,18.15740698811772,8.142143409906584,17.137794766672556,9.967683996779131,17.883934342631164,1.8965812882472641,17.74071461822894,1.9930755878141422,18.250508721362138,1.6335474974322146,17.82804297391366,1.6618467777281487,17.975169399734334,2.129965548469392,18.288613009864044,1.7288614467894206,18.31020892649733,1.2488050118519785,17.808010128338907,1.5505935218770468,18.920434952869794,1.5810034334789544,18.240028223932764,1.4734080949743809
9820.0,225.68294123149226,9.7,21.030388927754018,-2.767675944553725,20.296908812058582,-1.2385380788514015,19.029720357561654,0.11612641839705802,18.741481649717326,1.4782819276647188,18.1888711458841,3.20714915242227,18.323496218505785,4.882849680911344,17.43712283216886,6.558189100526979,18.18052101940315,8.162597862115064,17.20264878698674,9.954997282782626,17.961504510415143,1.893283937178746,17.806735568397514,1.9888475362774483,18.333051252293057,1.6438695211635945,17.925637785529553,1.6576298457132084,18.043332183579672,2.139047428723223,18.358894424267007,1.7184392621516509,18.384633952115234,1.2436047361932565,17.890224368980224,1.5441497575615128,18.961405551014426,1.5717612812328943,18.30742832800571,1.4574720073619731
9840.0,40.8909204736571,9.9,21.068966672029756,-2.7328660687293023,20.29585736309437,-1.243306892246565,19.038975756454825,0.08789976938270352,18.773221092619046,1.4818495497327706,18.215218456680866,3.1792609618688266,18.356267259011457,4.9865114355746085,17.48035429609748,6.5291608525357745,18.228355386352465,8.20738729293873,17.280004551956957,9.941702820154623,17.998781790110904,1.895976804293071,17.86412209415923,2.005580501102868,18.373771279590816,1.6515877001773145,17.963852113856767,1.6601470684154003,18.085187688978586,2.151174803708177,18.392519414858988,1.7196242886071857,18.42798367891614,1.2419739944511101,17.922301309214227,1.5502633230584215,18.98174265294994,1.5723159344623905,18.343237818831746,1.453107442643327
9860.0,37.30504867470209,9.7,21.07530573140681,-2.7822180191256285,20.37304601510028,-1.2254411956585174,19.048331952677007,0.06887195435540605,18.817757977545973,1.4586491719730776,18.27600526812787,3.1241506527584546,18.378418145665805,5.0197882426375555,17.553771262927405,6.53837070996561,18.29165293928441,8.195276305574435,17.29011977641535,9.981273040196097,18.054926262283416,1.8916267328038103,17.918323331418176,1.9890674538800752,18.432091383697518,1.6468138480048524,18.021232071391772,1.643983789059827,18.138988146077562,2.1480716810757814,18.460094957658747,1.7046413634407738,18.481325392199306,1.2259054059144783,17.982270617502238,1.5372743037186474,19.029745648158663,1.552640799001734,18.396104890707672,1.4159821448992367
9880.0,36.12390875895346,9.9,21.144352604567864,-2.8022317581699805,20.413832267257487,-1.2510630061916106,19.066257844377244,0.08053871692797059,18.83418204481339,1.4024081440282452,18.297339133781342,3.135665119955619,18.43218035069378,4.962653740987094,17.584767914841862,6.583554749127904,18.34654230192498,8.210028471078925,17.36214743982933,9.917252876075356,18.118003940385886,1.8909301732492452,17.999259368192533,1.9895236692853362,18.495082920081945,1.6503282837675648,18.099650307172052,1.6507917064173347,18.208459637485447,2.1506272123324828,18.526858325224808,1.7092136779198839,18.554772124357907,1.224358737094581,18.053737700791384,1.540596600598281,19.081890834312137,1.5555286809958573,18.465238639089925,1.422598709955601
9900.0,33.95967668927676,9.7,21.155625652002495,-2.8002218521887015,20.422780659876246,-1.2429097093051542,19.147240834101247,0.05886345375380812,18.90538980127585,1.4012408684989939,18.34852290811803,3.1692400417273103,18.499861765803814,4.913079070282843,17.671145087819713,6.6498546276791,18.3991220256012,8.207355763129163,17.36404558401707,9.951846190137044,18.15633489379082,1.8935365145470755,18.033497005843678,1.9771186516335841,18.531280462070356,1.6556095352185936,18.145736381240305,1.6287721659218832,18.252318211051236,2.1572325424867884,18.581584217333575,1.6895233018021032,18.587829139754525,1.2191804616147661,18.101707092149233,1.5165798471325285,19.137823252769262,1.547426846715267,18.51541116599324,1.4022115026485469
9920.0,33.6693292628071,9.9,21.181956819953413,-2.773965653363512,20.508064557554363,-1.241321807978099,19.210256176655726,0.04168712240639534,18.917201449888573,1.4654750570777932,18.382061689888342,3.1663405893679175,18.555400695766128,4.908919919156915,17.644803656487476,6.5925361451122,18.408210773150024,8.242023154983816,17.36979252082285,9.991710102937692,18.19072796905339,1.8955497977931022,18.05362000082107,1.975786598314808,18.571002372791853,1.6620635288268317,18.182323024937986,1.6325369643950218,18.28232231348206,2.1640652801140687,18.62329220598718,1.6940471891490074,18.62140064906506,1.2211991506596738,18.14681257302258,1.5167300065585927,19.17539165979344,1.5519257711482863,18.543964081429113,1.4068917557209661
9940.0,964.8691243437545,9.7,21.25525417396799,-2.7974158136165537,20.50732477797637,-1.254038424025297,19.239494758823312,0.007616547736475854,18.918597144309096,1.4655475526240482,18.433342023533378,3.1363445687791285,18.569102028783124,4.96374677575934,17.735474617891374,6.553102122616766,18.433992998596096,8.298192443528803,17.39279030713996,10.052558800736245,18.209135995725333,1.8945369677704065,18.10585723141073,1.9658036995251522,18.597060213858267,1.6628927308815116,18.220688943503305,1.6221432212580318,18.298337743444947,2.1652282456985374,18.664961511661055,1.6845473550963939,18.666374584191278,1.212036923095075,18.18665466032559,1.5069894853697363,19.2125436966937,1.5433943349709511,18.593311549122518,1.3959658217836295
9960.0,1488.9645658527854,9.9,21.311892305988202,-2.793303796943092,20.57501068256733,-1.2533931119281636,19.335987197427777,0.022587897599128902,18.999440412256938,1.408593068546681,18.464562316491435,3.152894184210777,18.581373810064637,5.037266012699022,17.723284916533807,6.560929306470439,18.419331513545764,8.253540775935425,17.416807833840906,10.012635915974693,18.262997645756563,1.898413307697814,18.183708136609756,1.9692534840727487,18.632312424883654,1.6673250581978052,18.2858394691731,1.6223472359418423,18.363038236617506,2.1692623348292828,18.709150855854464,1.6857048617626718,18.704491134233134,1.211477752159723,18.255141685000815,1.512844363325377,19.248812386398765,1.5415134355460176,18.638435513002964,1.3943428478209514
9980.0,2252.599816738447,9.7,21.3197073675183,-2.8295680672219943,20.662291114611737,-1.2517393499261058,19.37654146820429,0.014818201935213438,19.037438503785374,1.4149289485450471,18.53162070863035,3.251617959616479,18.62616460383639,4.97369629139514,17.79442921659318,6.634348899521887,18.518086270660742,8.184179188158472,17.48878328912131,9.955891828751735,18.304231165944042,1.8936733535768475,18.217689510545092,1.9804010078985754,18.688615622327717,1.6663997119665486,18.312664812807885,1.6205471372367861,18.389558026111963,2.1652557223889715,18.764133650749304,1.6889206930426695,18.755654105062447,1.2091089801879797,18.283914072471948,1.5156969360142365,19.301955905302115,1.5464365076866429,18.699664607398944,1.3927239023211782
10000.0,5733.409603129812,9.9,21.447168463041997,-2.81223726413003,20.710248477077005,-1.306859275556024,19.470042976161267,0.009512017164354935,19.154161058354696,1.4770553383056688,18.56369363970224,3.2212464497217503,18.68334910538664,4.9364130529852845,17.757752558396618,6.631686300553058,18.525571552923488,8.205062138909623,17.574610536298632,9.973817174768964,18.36714566895719,1.9018708327267038,18.314247966241844,1.9873104405756963,18.767634808830074,1.6691380319995583,18.425732472225384,1.6143148441399773,18.458797168068898,2.1711488228636355,18.861820496084057,1.6860604983656582,18.867435950965294,1.2070446841810245,18.394386066634798,1.514277712769519,19.379335560912274,1.5452529817452914,18.802965576030324,1.3895616585544266
